(10, 0.3, 0.1, 0.2, 1e-07):4.8884364143276426e-14
(10, 0.3, 0.1, 0.2, 0.0001):-2.5352238061421593e-11
(10, 0.3, 0.1, 0.5, 1e-07):1.5474785098977632e-14
(10, 0.3, 0.1, 0.5, 0.0001):-1.7998157413261604e-11
(10, 0.3, 0.5, 0.2, 1e-07):1.6088066424193036e-13
(10, 0.3, 0.5, 0.2, 0.0001):-5.052955431594678e-10
(10, 0.3, 0.5, 0.5, 1e-07):1.160988542762589e-13
(10, 0.3, 0.5, 0.5, 0.0001):-3.552533315258161e-10
(10, 0.4, 0.1, 0.2, 1e-07):9.966128451320815e-14
(10, 0.4, 0.1, 0.2, 0.0001):-3.030424636358584e-11
(10, 0.4, 0.1, 0.5, 1e-07):4.589459563316033e-14
(10, 0.4, 0.1, 0.5, 0.0001):-2.579608751133213e-11
(10, 0.4, 0.5, 0.2, 1e-07):1.9532970260531665e-13
(10, 0.4, 0.5, 0.2, 0.0001):-6.325932476205639e-10
(10, 0.4, 0.5, 0.5, 1e-07):1.5365516083654906e-13
(10, 0.4, 0.5, 0.5, 0.0001):-5.1633851709892e-10
(50, 0.3, 0.1, 0.2, 1e-07):1.6538869279559957e-14
(50, 0.3, 0.1, 0.2, 0.0001):-2.5145300543411883e-13
(50, 0.3, 0.1, 0.5, 1e-07):1.797407795075982e-14
(50, 0.3, 0.1, 0.5, 0.0001):-2.42988241389228e-13
(50, 0.3, 0.5, 0.2, 1e-07):1.034833962544689e-13
(50, 0.3, 0.5, 0.2, 0.0001):-5.387545870832916e-12
(50, 0.3, 0.5, 0.5, 1e-07):1.0951816634179399e-13
(50, 0.3, 0.5, 0.5, 0.0001):-5.252861136970851e-12
(50, 0.4, 0.1, 0.2, 1e-07):9.855371140685052e-15
(50, 0.4, 0.1, 0.2, 0.0001):-3.198353981297629e-13
(50, 0.4, 0.1, 0.5, 1e-07):1.0962641976906861e-14
(50, 0.4, 0.1, 0.5, 0.0001):-3.0731119047721983e-13
(50, 0.4, 0.5, 0.2, 1e-07):5.1363972813837636e-14
(50, 0.4, 0.5, 0.2, 0.0001):-6.702566213388521e-12
(50, 0.4, 0.5, 0.5, 1e-07):5.786019539321887e-14
(50, 0.4, 0.5, 0.5, 0.0001):-6.481750909389243e-12
(100, 0.1, 0.2, 0.1, 1e-06):1.444269383784854e-13
(100, 0.1, 0.2, 0.1, 1e-05):1.433371420989093e-13
(100, 0.1, 0.2, 0.3, 1e-06):1.495505363611741e-13
(100, 0.1, 0.2, 0.3, 1e-05):1.4836262268827468e-13
(100, 0.1, 0.2, 0.8, 1e-06):1.6086205410371186e-13
(100, 0.1, 0.2, 0.8, 1e-05):1.5954381587177049e-13
(100, 0.1, 0.8, 0.1, 1e-06):2.861484890224242e-13
(100, 0.1, 0.8, 0.1, 1e-05):2.761067381348267e-13
(100, 0.1, 0.8, 0.3, 1e-06):2.8695626095876005e-13
(100, 0.1, 0.8, 0.3, 1e-05):2.7772900030186746e-13
(100, 0.1, 0.8, 0.8, 1e-06):2.82731503007428e-13
(100, 0.1, 0.8, 0.8, 1e-05):2.727254814026574e-13
(100, 0.2, 0.2, 0.1, 1e-06):6.893803073110359e-14
(100, 0.2, 0.2, 0.1, 1e-05):6.772346913027382e-14
(100, 0.2, 0.2, 0.3, 1e-06):6.988136584512192e-14
(100, 0.2, 0.2, 0.3, 1e-05):6.869213211223055e-14
(100, 0.2, 0.2, 0.8, 1e-06):7.226372767660575e-14
(100, 0.2, 0.2, 0.8, 1e-05):7.105042522639503e-14
(100, 0.2, 0.8, 0.1, 1e-06):2.749610977953441e-13
(100, 0.2, 0.8, 0.1, 1e-05):2.6459462717036747e-13
(100, 0.2, 0.8, 0.3, 1e-06):2.8584730132806003e-13
(100, 0.2, 0.8, 0.3, 1e-05):2.748158997996152e-13
(100, 0.2, 0.8, 0.8, 1e-06):2.814535712719468e-13
(100, 0.2, 0.8, 0.8, 1e-05):2.7045678226530544e-13
(500, 0.1, 0.2, 0.1, 1e-06):1.0668546542406267e-13
(500, 0.1, 0.2, 0.1, 1e-05):1.0667588227973663e-13
(500, 0.1, 0.2, 0.3, 1e-06):1.0876157260414731e-13
(500, 0.1, 0.2, 0.3, 1e-05):1.0879381054673083e-13
(500, 0.1, 0.2, 0.8, 1e-06):1.0760472580343868e-13
(500, 0.1, 0.2, 0.8, 1e-05):1.0772228018030166e-13
(500, 0.1, 0.8, 0.1, 1e-06):2.7852110600391936e-13
(500, 0.1, 0.8, 0.1, 1e-05):2.7848610352442825e-13
(500, 0.1, 0.8, 0.3, 1e-06):2.804623234172331e-13
(500, 0.1, 0.8, 0.3, 1e-05):2.804503607189103e-13
(500, 0.1, 0.8, 0.8, 1e-06):2.8488656240623864e-13
(500, 0.1, 0.8, 0.8, 1e-05):2.8484873080268433e-13
(500, 0.2, 0.2, 0.1, 1e-06):7.382801768216733e-14
(500, 0.2, 0.2, 0.1, 1e-05):7.376158956546567e-14
(500, 0.2, 0.2, 0.3, 1e-06):7.377686727844941e-14
(500, 0.2, 0.2, 0.3, 1e-05):7.372304549283184e-14
(500, 0.2, 0.2, 0.8, 1e-06):7.368590927643538e-14
(500, 0.2, 0.2, 0.8, 1e-05):7.395517066032822e-14
(500, 0.2, 0.8, 0.1, 1e-06):2.7248212150003907e-13
(500, 0.2, 0.8, 0.1, 1e-05):2.7211989671133153e-13
(500, 0.2, 0.8, 0.3, 1e-06):2.6188937568497845e-13
(500, 0.2, 0.8, 0.3, 1e-05):2.623732680991401e-13
(500, 0.2, 0.8, 0.8, 1e-06):2.6585498552037835e-13
(500, 0.2, 0.8, 0.8, 1e-05):2.658540580334691e-13
(10, 0.3, 0.1, 0.2, 1e-06):4.639595421137581e-14
(10, 0.3, 0.1, 0.5, 1e-06):1.3684923542312467e-14
(10, 0.3, 0.1, 0.1, 1e-07):4.9798989245025144e-14
(10, 0.3, 0.1, 0.1, 0.0001):-2.7464710802638322e-11
(10, 0.3, 0.1, 0.1, 1e-06):4.710695680037811e-14
(10, 0.3, 0.1, 0.3, 1e-07):4.009222668944766e-14
(10, 0.3, 0.1, 0.3, 0.0001):-2.358991359851703e-11
(10, 0.3, 0.1, 0.3, 1e-06):3.771796355117928e-14
(10, 0.3, 0.1, 0.8, 1e-07):-1.6942251184568455e-15
(10, 0.3, 0.1, 0.8, 0.0001):-2.231499569897905e-12
(10, 0.3, 0.1, 0.8, 1e-06):-2.01017326329835e-15
(10, 0.3, 0.5, 0.2, 1e-06):1.107312942483207e-13
(10, 0.3, 0.5, 0.5, 1e-06):8.094508843429508e-14
(10, 0.3, 0.5, 0.1, 1e-07):1.9610242655817859e-13
(10, 0.3, 0.5, 0.1, 0.0001):-5.455482650271806e-10
(10, 0.3, 0.5, 0.1, 1e-06):1.418606585457394e-13
(10, 0.3, 0.5, 0.3, 1e-07):1.7275624277693403e-13
(10, 0.3, 0.5, 0.3, 0.0001):-4.841254155162096e-10
(10, 0.3, 0.5, 0.3, 1e-06):1.2440647909083298e-13
(10, 0.3, 0.5, 0.8, 1e-07):-6.494394615728739e-14
(10, 0.3, 0.5, 0.8, 0.0001):-1.668990274817091e-10
(10, 0.3, 0.5, 0.8, 1e-06):-8.141733110118927e-14
(10, 0.3, 0.2, 0.2, 1e-07):1.3448926599547589e-13
(10, 0.3, 0.2, 0.2, 0.0001):-1.0511955397110501e-10
(10, 0.3, 0.2, 0.2, 1e-06):1.2410568132587928e-13
(10, 0.3, 0.2, 0.5, 1e-07):5.0261273000200677e-14
(10, 0.3, 0.2, 0.5, 0.0001):-7.012504741147107e-11
(10, 0.3, 0.2, 0.5, 1e-06):4.345404541233793e-14
(10, 0.3, 0.2, 0.1, 1e-07):1.6017924305146854e-13
(10, 0.3, 0.2, 0.1, 0.0001):-1.02218343014367e-10
(10, 0.3, 0.2, 0.1, 1e-06):1.4992937580243584e-13
(10, 0.3, 0.2, 0.3, 1e-07):1.2147104688612971e-13
(10, 0.3, 0.2, 0.3, 0.0001):-9.591667548467667e-11
(10, 0.3, 0.2, 0.3, 1e-06):1.1202339252362338e-13
(10, 0.3, 0.2, 0.8, 1e-07):-5.9550257682611565e-15
(10, 0.3, 0.2, 0.8, 0.0001):-7.323938298500637e-12
(10, 0.3, 0.2, 0.8, 1e-06):-6.619019731557948e-15
(10, 0.4, 0.1, 0.2, 1e-06):9.66506706052547e-14
(10, 0.4, 0.1, 0.5, 1e-06):4.341108181692731e-14
(10, 0.4, 0.1, 0.1, 1e-07):5.1979173544191505e-14
(10, 0.4, 0.1, 0.1, 0.0001):-3.059657516347227e-11
(10, 0.4, 0.1, 0.1, 1e-06):4.893914800709918e-14
(10, 0.4, 0.1, 0.3, 1e-07):9.546561174678068e-14
(10, 0.4, 0.1, 0.3, 0.0001):-2.9100713346561376e-11
(10, 0.4, 0.1, 0.3, 1e-06):9.2507767915813e-14
(10, 0.4, 0.1, 0.8, 1e-07):2.805817455885057e-14
(10, 0.4, 0.1, 0.8, 0.0001):-2.1641333170884018e-11
(10, 0.4, 0.1, 0.8, 1e-06):2.5872169728040987e-14
(10, 0.4, 0.5, 0.2, 1e-06):1.3262446115842649e-13
(10, 0.4, 0.5, 0.5, 1e-06):1.0210008132188167e-13
(10, 0.4, 0.5, 0.1, 1e-07):2.001154313194366e-13
(10, 0.4, 0.5, 0.1, 0.0001):-6.718189331273294e-10
(10, 0.4, 0.5, 0.1, 1e-06):1.3411867747017667e-13
(10, 0.4, 0.5, 0.3, 1e-07):1.9142589738224125e-13
(10, 0.4, 0.5, 0.3, 0.0001):-6.126861772715905e-10
(10, 0.4, 0.5, 0.3, 1e-06):1.3050319648902576e-13
(10, 0.4, 0.5, 0.8, 1e-07):1.5090202933663613e-13
(10, 0.4, 0.5, 0.8, 0.0001):-4.4194593397159126e-10
(10, 0.4, 0.5, 0.8, 1e-06):1.0735271694542927e-13
(10, 0.4, 0.2, 0.2, 1e-07):1.8690619523284722e-13
(10, 0.4, 0.2, 0.2, 0.0001):-1.2161938462791544e-10
(10, 0.4, 0.2, 0.2, 1e-06):1.7490993313919534e-13
(10, 0.4, 0.2, 0.5, 1e-07):1.1441680332468354e-13
(10, 0.4, 0.2, 0.5, 0.0001):-9.96035507053759e-11
(10, 0.4, 0.2, 0.5, 1e-06):1.0448977525362081e-13
(10, 0.4, 0.2, 0.1, 1e-07):1.885538342233225e-13
(10, 0.4, 0.2, 0.1, 0.0001):-1.271187105974487e-10
(10, 0.4, 0.2, 0.1, 1e-06):1.756375910688409e-13
(10, 0.4, 0.2, 0.3, 1e-07):1.6569595810738896e-13
(10, 0.4, 0.2, 0.3, 0.0001):-1.1420760039889808e-10
(10, 0.4, 0.2, 0.3, 1e-06):1.5429445673805866e-13
(10, 0.4, 0.2, 0.8, 1e-07):7.338499086794951e-14
(10, 0.4, 0.2, 0.8, 0.0001):-7.945621829542737e-11
(10, 0.4, 0.2, 0.8, 1e-06):6.553184512784845e-14
(50, 0.3, 0.1, 0.2, 1e-06):1.6426185197807233e-14
(50, 0.3, 0.1, 0.5, 1e-06):1.790060019137306e-14
(50, 0.3, 0.1, 0.1, 1e-07):1.601671537343986e-14
(50, 0.3, 0.1, 0.1, 0.0001):-2.544940560265812e-13
(50, 0.3, 0.1, 0.1, 1e-06):1.596170574002085e-14
(50, 0.3, 0.1, 0.3, 1e-07):1.689505885204267e-14
(50, 0.3, 0.1, 0.3, 0.0001):-2.486826068479559e-13
(50, 0.3, 0.1, 0.3, 1e-06):1.6849660875391784e-14
(50, 0.3, 0.1, 0.8, 1e-07):1.9463944342966186e-14
(50, 0.3, 0.1, 0.8, 0.0001):-2.3524051920154394e-13
(50, 0.3, 0.1, 0.8, 1e-06):1.942122645883722e-14
(50, 0.3, 0.5, 0.2, 1e-06):1.0308502990324544e-13
(50, 0.3, 0.5, 0.5, 1e-06):1.0904310898680199e-13
(50, 0.3, 0.5, 0.1, 1e-07):1.0162446113712575e-13
(50, 0.3, 0.5, 0.1, 0.0001):-5.4353524191199325e-12
(50, 0.3, 0.5, 0.1, 1e-06):1.011053970244787e-13
(50, 0.3, 0.5, 0.3, 1e-07):1.0528086349079457e-13
(50, 0.3, 0.5, 0.3, 0.0001):-5.3415929960691454e-12
(50, 0.3, 0.5, 0.3, 1e-06):1.0473780637363633e-13
(50, 0.3, 0.5, 0.8, 1e-07):1.1472272194481737e-13
(50, 0.3, 0.5, 0.8, 0.0001):-5.130706933702734e-12
(50, 0.3, 0.5, 0.8, 1e-06):1.141842693551773e-13
(50, 0.3, 0.2, 0.2, 1e-07):5.373196540199388e-14
(50, 0.3, 0.2, 0.2, 0.0001):-9.923074715066828e-13
(50, 0.3, 0.2, 0.2, 1e-06):5.359997825375369e-14
(50, 0.3, 0.2, 0.5, 1e-07):5.566878835509055e-14
(50, 0.3, 0.2, 0.5, 0.0001):-9.63629736124018e-13
(50, 0.3, 0.2, 0.5, 1e-06):5.5521025044542676e-14
(50, 0.3, 0.2, 0.1, 1e-07):5.2897196270477225e-14
(50, 0.3, 0.2, 0.1, 0.0001):-1.0027689932662326e-12
(50, 0.3, 0.2, 0.1, 1e-06):5.279719682137023e-14
(50, 0.3, 0.2, 0.3, 1e-07):5.427410981286339e-14
(50, 0.3, 0.2, 0.3, 0.0001):-9.825982414244573e-13
(50, 0.3, 0.2, 0.3, 1e-06):5.418072642897695e-14
(50, 0.3, 0.2, 0.8, 1e-07):5.745930546199993e-14
(50, 0.3, 0.2, 0.8, 0.0001):-9.373892507905961e-13
(50, 0.3, 0.2, 0.8, 1e-06):5.72708926684037e-14
(50, 0.4, 0.1, 0.2, 1e-06):9.879612428055463e-15
(50, 0.4, 0.1, 0.5, 1e-06):1.0863560547404368e-14
(50, 0.4, 0.1, 0.1, 1e-07):9.551460573729184e-15
(50, 0.4, 0.1, 0.1, 0.0001):-3.2420126109212557e-13
(50, 0.4, 0.1, 0.1, 1e-06):9.489952747720596e-15
(50, 0.4, 0.1, 0.3, 1e-07):1.0236196893736816e-14
(50, 0.4, 0.1, 0.3, 0.0001):-3.1552776350183365e-13
(50, 0.4, 0.1, 0.3, 1e-06):1.0157721271429605e-14
(50, 0.4, 0.1, 0.8, 1e-07):1.1928467890119751e-14
(50, 0.4, 0.1, 0.8, 0.0001):-2.9607272490751776e-13
(50, 0.4, 0.1, 0.8, 1e-06):1.1847527180770064e-14
(50, 0.4, 0.5, 0.2, 1e-06):5.074287384767095e-14
(50, 0.4, 0.5, 0.5, 1e-06):5.733305348831433e-14
(50, 0.4, 0.5, 0.1, 1e-07):4.974338363628682e-14
(50, 0.4, 0.5, 0.1, 0.0001):-6.779655678089759e-12
(50, 0.4, 0.5, 0.1, 1e-06):4.9032930159680445e-14
(50, 0.4, 0.5, 0.3, 1e-07):5.3872288262992986e-14
(50, 0.4, 0.5, 0.3, 0.0001):-6.626579129072082e-12
(50, 0.4, 0.5, 0.3, 1e-06):5.331120156995573e-14
(50, 0.4, 0.5, 0.8, 1e-07):6.257839463918507e-14
(50, 0.4, 0.5, 0.8, 0.0001):-6.281787862950364e-12
(50, 0.4, 0.5, 0.8, 1e-06):6.192546251754802e-14
(50, 0.4, 0.2, 0.2, 1e-07):3.9214795287068824e-14
(50, 0.4, 0.2, 0.2, 0.0001):-1.2479488763843785e-12
(50, 0.4, 0.2, 0.2, 1e-06):3.9039623638453885e-14
(50, 0.4, 0.2, 0.5, 1e-07):4.222787799955493e-14
(50, 0.4, 0.2, 0.5, 0.0001):-1.2008765613765472e-12
(50, 0.4, 0.2, 0.5, 1e-06):4.2141757302557134e-14
(50, 0.4, 0.2, 0.1, 1e-07):3.805544326777079e-14
(50, 0.4, 0.2, 0.1, 0.0001):-1.2645618683771593e-12
(50, 0.4, 0.2, 0.1, 1e-06):3.795892462732277e-14
(50, 0.4, 0.2, 0.3, 1e-07):4.022813159625184e-14
(50, 0.4, 0.2, 0.3, 0.0001):-1.2317892530133563e-12
(50, 0.4, 0.2, 0.3, 1e-06):4.0046625425592363e-14
(50, 0.4, 0.2, 0.8, 1e-07):4.452791193255099e-14
(50, 0.4, 0.2, 0.8, 0.0001):-1.1584886494874421e-12
(50, 0.4, 0.2, 0.8, 1e-06):4.443796595660389e-14
(100, 0.3, 0.1, 0.2, 1e-07):1.7112869255734645e-14
(100, 0.3, 0.1, 0.2, 0.0001):-1.9121508825174348e-14
(100, 0.3, 0.1, 0.2, 1e-06):1.7092137362574728e-14
(100, 0.3, 0.1, 0.5, 1e-07):1.7557495838498952e-14
(100, 0.3, 0.1, 0.5, 0.0001):-1.8223396581914087e-14
(100, 0.3, 0.1, 0.5, 1e-06):1.7652028263669008e-14
(100, 0.3, 0.1, 0.1, 1e-07):1.706508887543556e-14
(100, 0.3, 0.1, 0.1, 0.0001):-1.936468135868823e-14
(100, 0.3, 0.1, 0.1, 1e-06):1.7062823628251755e-14
(100, 0.3, 0.1, 0.3, 1e-07):1.7318761489745923e-14
(100, 0.3, 0.1, 0.3, 0.0001):-1.8774172972307585e-14
(100, 0.3, 0.1, 0.3, 1e-06):1.7454530933450614e-14
(100, 0.3, 0.1, 0.8, 1e-07):1.7816128092791026e-14
(100, 0.3, 0.1, 0.8, 0.0001):-1.7390478163047194e-14
(100, 0.3, 0.1, 0.8, 1e-06):1.7846643548921373e-14
(100, 0.3, 0.5, 0.2, 1e-07):9.759810977179128e-14
(100, 0.3, 0.5, 0.2, 0.0001):-6.440611527446519e-13
(100, 0.3, 0.5, 0.2, 1e-06):9.741791347960743e-14
(100, 0.3, 0.5, 0.5, 1e-07):9.919704019934331e-14
(100, 0.3, 0.5, 0.5, 0.0001):-6.331111662033134e-13
(100, 0.3, 0.5, 0.5, 1e-06):9.918799541533229e-14
(100, 0.3, 0.5, 0.1, 1e-07):9.470463873408326e-14
(100, 0.3, 0.5, 0.1, 0.0001):-6.504788581686623e-13
(100, 0.3, 0.5, 0.1, 1e-06):9.468488668722001e-14
(100, 0.3, 0.5, 0.3, 1e-07):9.791920449103218e-14
(100, 0.3, 0.5, 0.3, 0.0001):-6.410150638572756e-13
(100, 0.3, 0.5, 0.3, 1e-06):9.848023079456528e-14
(100, 0.3, 0.5, 0.8, 1e-07):1.0171681151942873e-13
(100, 0.3, 0.5, 0.8, 0.0001):-6.21914283601393e-13
(100, 0.3, 0.5, 0.8, 1e-06):1.0167466695561517e-13
(100, 0.3, 0.2, 0.2, 1e-07):5.59660738945995e-14
(100, 0.3, 0.2, 0.2, 0.0001):-8.564070335778329e-14
(100, 0.3, 0.2, 0.2, 1e-06):5.595370159599231e-14
(100, 0.3, 0.2, 0.5, 1e-07):5.69747542931864e-14
(100, 0.3, 0.2, 0.5, 0.0001):-8.277550315949616e-14
(100, 0.3, 0.2, 0.5, 1e-06):5.690177081254914e-14
(100, 0.3, 0.2, 0.1, 1e-07):5.592782730458314e-14
(100, 0.3, 0.2, 0.1, 0.0001):-8.636698474130466e-14
(100, 0.3, 0.2, 0.1, 1e-06):5.5888690484022425e-14
(100, 0.3, 0.2, 0.3, 1e-07):5.6441746527185764e-14
(100, 0.3, 0.2, 0.3, 0.0001):-8.450335605058939e-14
(100, 0.3, 0.2, 0.3, 1e-06):5.6365840833435265e-14
(100, 0.3, 0.2, 0.8, 1e-07):5.732642638723545e-14
(100, 0.3, 0.2, 0.8, 0.0001):-8.056336378894574e-14
(100, 0.3, 0.2, 0.8, 1e-06):5.726242202904166e-14
(100, 0.4, 0.1, 0.2, 1e-07):1.2218305620588479e-14
(100, 0.4, 0.1, 0.2, 0.0001):-3.234065565983128e-14
(100, 0.4, 0.1, 0.2, 1e-06):1.2049339395733677e-14
(100, 0.4, 0.1, 0.5, 1e-07):1.2140199955548011e-14
(100, 0.4, 0.1, 0.5, 0.0001):-3.1436683299665495e-14
(100, 0.4, 0.1, 0.5, 1e-06):1.216749978399384e-14
(100, 0.4, 0.1, 0.1, 1e-07):1.2063390623808896e-14
(100, 0.4, 0.1, 0.1, 0.0001):-3.276472498951418e-14
(100, 0.4, 0.1, 0.1, 1e-06):1.207708056713876e-14
(100, 0.4, 0.1, 0.3, 1e-07):1.22331260005539e-14
(100, 0.4, 0.1, 0.3, 0.0001):-3.198554707364272e-14
(100, 0.4, 0.1, 0.3, 1e-06):1.2166773453920769e-14
(100, 0.4, 0.1, 0.8, 1e-07):1.2273355230570401e-14
(100, 0.4, 0.1, 0.8, 0.0001):-3.0766421137236975e-14
(100, 0.4, 0.1, 0.8, 1e-06):1.2278127233050456e-14
(100, 0.4, 0.5, 0.2, 1e-07):6.177955041105349e-14
(100, 0.4, 0.5, 0.2, 0.0001):-8.493504635709286e-13
(100, 0.4, 0.5, 0.2, 1e-06):6.165227659546782e-14
(100, 0.4, 0.5, 0.5, 1e-07):6.378419609045967e-14
(100, 0.4, 0.5, 0.5, 0.0001):-8.323346171478821e-13
(100, 0.4, 0.5, 0.5, 1e-06):6.370011764061981e-14
(100, 0.4, 0.5, 0.1, 1e-07):6.044904616342246e-14
(100, 0.4, 0.5, 0.1, 0.0001):-8.560887901394618e-13
(100, 0.4, 0.5, 0.1, 1e-06):6.009483654245494e-14
(100, 0.4, 0.5, 0.3, 1e-07):6.325825822594313e-14
(100, 0.4, 0.5, 0.3, 0.0001):-8.428461134547724e-13
(100, 0.4, 0.5, 0.3, 1e-06):6.309333532053377e-14
(100, 0.4, 0.5, 0.8, 1e-07):6.489444043557236e-14
(100, 0.4, 0.5, 0.8, 0.0001):-8.173271239314271e-13
(100, 0.4, 0.5, 0.8, 1e-06):6.478587087499179e-14
(100, 0.4, 0.2, 0.2, 1e-07):4.715802657679976e-14
(100, 0.4, 0.2, 0.2, 0.0001):-1.2672025080193222e-13
(100, 0.4, 0.2, 0.2, 1e-06):4.7078543107353856e-14
(100, 0.4, 0.2, 0.5, 1e-07):4.768358090042843e-14
(100, 0.4, 0.2, 0.5, 0.0001):-1.2312357398687314e-13
(100, 0.4, 0.2, 0.5, 1e-06):4.759816475120787e-14
(100, 0.4, 0.2, 0.1, 1e-07):4.7016610056209056e-14
(100, 0.4, 0.2, 0.1, 0.0001):-1.2801335786357439e-13
(100, 0.4, 0.2, 0.1, 1e-06):4.704093853885566e-14
(100, 0.4, 0.2, 0.3, 1e-07):4.732769711909437e-14
(100, 0.4, 0.2, 0.3, 0.0001):-1.25506341126935e-13
(100, 0.4, 0.2, 0.3, 1e-06):4.7269511690558243e-14
(100, 0.4, 0.2, 0.8, 1e-07):4.7979184947546956e-14
(100, 0.4, 0.2, 0.8, 0.0001):-1.2004375687476146e-13
(100, 0.4, 0.2, 0.8, 1e-06):4.7950880117471315e-14
(50, 0.1, 0.1, 0.2, 1e-07):1.8177131838862186e-13
(50, 0.1, 0.1, 0.2, 0.0001):-4.607074437743084e-14
(50, 0.1, 0.1, 0.2, 1e-06):1.817051162575113e-13
(50, 0.1, 0.1, 0.5, 1e-07):1.982507553013431e-13
(50, 0.1, 0.1, 0.5, 0.0001):-2.7738574845285978e-14
(50, 0.1, 0.1, 0.5, 1e-06):1.98241915469347e-13
(50, 0.1, 0.1, 0.1, 1e-07):1.7221614031793297e-13
(50, 0.1, 0.1, 0.1, 0.0001):-5.6424227996160516e-14
(50, 0.1, 0.1, 0.1, 1e-06):1.7218725901250416e-13
(50, 0.1, 0.1, 0.3, 1e-07):1.907013553567628e-13
(50, 0.1, 0.1, 0.3, 0.0001):-3.6471001875100225e-14
(50, 0.1, 0.1, 0.3, 1e-06):1.9071709191155942e-13
(50, 0.1, 0.1, 0.8, 1e-07):3.447898280390284e-14
(50, 0.1, 0.1, 0.8, 0.0001):-1.7736146545868083e-13
(50, 0.1, 0.1, 0.8, 1e-06):3.447563401294058e-14
(50, 0.1, 0.5, 0.2, 1e-07):1.7931370653668257e-13
(50, 0.1, 0.5, 0.2, 0.0001):-4.524373191632928e-12
(50, 0.1, 0.5, 0.2, 1e-06):1.7941154804225802e-13
(50, 0.1, 0.5, 0.5, 1e-07):1.801285919104138e-13
(50, 0.1, 0.5, 0.5, 0.0001):-4.498395001240648e-12
(50, 0.1, 0.5, 0.5, 1e-06):1.798839479444334e-13
(50, 0.1, 0.5, 0.1, 1e-07):1.7935461997553793e-13
(50, 0.1, 0.5, 0.1, 0.0001):-4.5339876442153806e-12
(50, 0.1, 0.5, 0.1, 1e-06):1.7903468590606115e-13
(50, 0.1, 0.5, 0.3, 1e-07):1.8050339687937714e-13
(50, 0.1, 0.5, 0.3, 0.0001):-4.5145305538088715e-12
(50, 0.1, 0.5, 0.3, 1e-06):1.79924947979605e-13
(50, 0.1, 0.5, 0.8, 1e-07):1.7189351563488477e-13
(50, 0.1, 0.5, 0.8, 0.0001):-4.210324552734769e-12
(50, 0.1, 0.5, 0.8, 1e-06):1.7098449157007077e-13
(50, 0.1, 0.2, 0.2, 1e-07):1.8024663437837212e-13
(50, 0.1, 0.2, 0.2, 0.0001):-7.124565375820088e-13
(50, 0.1, 0.2, 0.2, 1e-06):1.8016901051814658e-13
(50, 0.1, 0.2, 0.5, 1e-07):1.8040335599317904e-13
(50, 0.1, 0.2, 0.5, 0.0001):-7.059846356492886e-13
(50, 0.1, 0.2, 0.5, 1e-06):1.8024893707422567e-13
(50, 0.1, 0.2, 0.1, 1e-07):1.793612706615853e-13
(50, 0.1, 0.2, 0.1, 0.0001):-7.159334855634171e-13
(50, 0.1, 0.2, 0.1, 1e-06):1.7930314745419269e-13
(50, 0.1, 0.2, 0.3, 1e-07):1.8060425282577404e-13
(50, 0.1, 0.2, 0.3, 0.0001):-7.098975581238567e-13
(50, 0.1, 0.2, 0.3, 1e-06):1.8049422061879524e-13
(50, 0.1, 0.2, 0.8, 1e-07):1.8057813681606177e-13
(50, 0.1, 0.2, 0.8, 0.0001):-6.982737669919473e-13
(50, 0.1, 0.2, 0.8, 1e-06):1.8041034968543295e-13
(100, 0.1, 0.1, 0.2, 1e-07):7.356554134698615e-14
(100, 0.1, 0.1, 0.2, 0.0001):4.5201209210193865e-14
(100, 0.1, 0.1, 0.2, 1e-06):7.357297558689389e-14
(100, 0.1, 0.1, 0.5, 1e-07):7.980928060871006e-14
(100, 0.1, 0.1, 0.5, 0.0001):5.149669355617803e-14
(100, 0.1, 0.1, 0.5, 1e-06):7.974340507520522e-14
(100, 0.1, 0.1, 0.1, 1e-07):7.211152515647217e-14
(100, 0.1, 0.1, 0.1, 0.0001):4.36270936348109e-14
(100, 0.1, 0.1, 0.1, 1e-06):7.206306111091019e-14
(100, 0.1, 0.1, 0.3, 1e-07):7.577570235025125e-14
(100, 0.1, 0.1, 0.3, 0.0001):4.7385991335822085e-14
(100, 0.1, 0.1, 0.3, 1e-06):7.57533916817569e-14
(100, 0.1, 0.1, 0.8, 1e-07):8.592205804715993e-14
(100, 0.1, 0.1, 0.8, 0.0001):5.774103219158115e-14
(100, 0.1, 0.1, 0.8, 1e-06):8.593140585510966e-14
(100, 0.1, 0.5, 0.2, 1e-07):1.6784426082778415e-13
(100, 0.1, 0.5, 0.2, 0.0001):-4.1537889513752743e-13
(100, 0.1, 0.5, 0.2, 1e-06):1.6779848550231206e-13
(100, 0.1, 0.5, 0.5, 1e-07):1.6677155875127126e-13
(100, 0.1, 0.5, 0.5, 0.0001):-4.1415987260456194e-13
(100, 0.1, 0.5, 0.5, 1e-06):1.66741611029902e-13
(100, 0.1, 0.5, 0.1, 1e-07):1.6664125032300625e-13
(100, 0.1, 0.5, 0.1, 0.0001):-4.173867648028551e-13
(100, 0.1, 0.5, 0.1, 1e-06):1.6680457835651843e-13
(100, 0.1, 0.5, 0.3, 1e-07):1.6841706036490992e-13
(100, 0.1, 0.5, 0.3, 0.0001):-4.151596284034498e-13
(100, 0.1, 0.5, 0.3, 1e-06):1.674292418039645e-13
(100, 0.1, 0.5, 0.8, 1e-07):1.6738467689565768e-13
(100, 0.1, 0.5, 0.8, 0.0001):-4.1117906496315816e-13
(100, 0.1, 0.5, 0.8, 1e-06):1.673760102845367e-13
(100, 0.1, 0.2, 0.2, 1e-07):1.4751751907366394e-13
(100, 0.1, 0.2, 0.2, 0.0001):3.614160514902881e-14
(100, 0.1, 0.2, 0.2, 1e-06):1.4716622731484526e-13
(100, 0.1, 0.2, 0.5, 1e-07):1.541818512368357e-13
(100, 0.1, 0.2, 0.5, 0.0001):4.3849494594900204e-14
(100, 0.1, 0.2, 0.5, 1e-06):1.5423513879456265e-13
(100, 0.1, 0.2, 0.1, 1e-07):1.4438942026074565e-13
(100, 0.1, 0.2, 0.1, 0.0001):3.3374550480405066e-14
(100, 0.1, 0.2, 0.3, 1e-07):1.4939543370220183e-13
(100, 0.1, 0.2, 0.3, 0.0001):3.873836806524106e-14
(100, 0.1, 0.2, 0.8, 1e-07):1.609943352611716e-13
(100, 0.1, 0.2, 0.8, 0.0001):5.1164397792522845e-14
(10, 0.3, 0.8, 0.2, 1e-07):3.4365362164836147e-13
(10, 0.3, 0.8, 0.2, 0.0001):-9.296536041872738e-10
(10, 0.3, 0.8, 0.2, 1e-06):2.54081855223151e-13
(10, 0.3, 0.8, 0.5, 1e-07):3.3947630526235056e-13
(10, 0.3, 0.8, 0.5, 0.0001):-6.608954725512215e-10
(10, 0.3, 0.8, 0.5, 1e-06):2.7295164666302407e-13
(10, 0.3, 0.8, 0.1, 1e-07):3.4926580665265393e-13
(10, 0.3, 0.8, 0.1, 0.0001):-1.0142729757277431e-09
(10, 0.3, 0.8, 0.1, 1e-06):2.4853792291824674e-13
(10, 0.3, 0.8, 0.3, 1e-07):3.406278482454706e-13
(10, 0.3, 0.8, 0.3, 0.0001):-8.647426128783692e-10
(10, 0.3, 0.8, 0.3, 1e-06):2.5399226673829595e-13
(10, 0.4, 0.8, 0.2, 1e-07):3.798785081249608e-13
(10, 0.4, 0.8, 0.2, 0.0001):-1.1739824912945704e-09
(10, 0.4, 0.8, 0.2, 1e-06):2.6265444236759155e-13
(10, 0.4, 0.8, 0.5, 1e-07):3.672077816256618e-13
(10, 0.4, 0.8, 0.5, 0.0001):-9.736148008754247e-10
(10, 0.4, 0.8, 0.5, 1e-06):2.7150900035797745e-13
(10, 0.4, 0.8, 0.1, 1e-07):3.743497436371338e-13
(10, 0.4, 0.8, 0.1, 0.0001):-1.228572599816196e-09
(10, 0.4, 0.8, 0.1, 1e-06):2.490325070765019e-13
(10, 0.4, 0.8, 0.3, 1e-07):3.691159991010191e-13
(10, 0.4, 0.8, 0.3, 0.0001):-1.153310965781603e-09
(10, 0.4, 0.8, 0.3, 1e-06):2.5476914753875993e-13
(10, 0.4, 0.8, 0.8, 1e-07):3.5730429483656995e-13
(10, 0.4, 0.8, 0.8, 0.0001):-8.628151064394671e-10
(10, 0.4, 0.8, 0.8, 1e-06):2.7208373913732095e-13
(50, 0.3, 0.8, 0.2, 1e-07):2.80192419555416e-13
(50, 0.3, 0.8, 0.2, 0.0001):-9.69039381660552e-12
(50, 0.3, 0.8, 0.2, 1e-06):2.792551908910186e-13
(50, 0.3, 0.8, 0.5, 1e-07):2.7401816828149415e-13
(50, 0.3, 0.8, 0.5, 0.0001):-9.508344177466936e-12
(50, 0.3, 0.8, 0.5, 1e-06):2.6693129505801377e-13
(50, 0.3, 0.8, 0.1, 1e-07):2.7267281566611846e-13
(50, 0.3, 0.8, 0.1, 0.0001):-9.766245581539587e-12
(50, 0.3, 0.8, 0.1, 1e-06):2.7197920615774787e-13
(50, 0.3, 0.8, 0.3, 1e-07):2.7373953522475606e-13
(50, 0.3, 0.8, 0.3, 0.0001):-9.630333917436687e-12
(50, 0.3, 0.8, 0.3, 1e-06):2.727802475278698e-13
(50, 0.3, 0.8, 0.8, 1e-07):2.821908983020639e-13
(50, 0.3, 0.8, 0.8, 0.0001):-9.315318578688703e-12
(50, 0.3, 0.8, 0.8, 1e-06):2.8091147027981117e-13
(50, 0.4, 0.8, 0.2, 1e-07):2.3889605092462365e-13
(50, 0.4, 0.8, 0.2, 0.0001):-1.2023797426051991e-11
(50, 0.4, 0.8, 0.2, 1e-06):2.3772119422221633e-13
(50, 0.4, 0.8, 0.5, 1e-07):2.376259372482216e-13
(50, 0.4, 0.8, 0.5, 0.0001):-1.1690096142414454e-11
(50, 0.4, 0.8, 0.5, 1e-06):2.36308925668559e-13
(50, 0.4, 0.8, 0.1, 1e-07):2.410425145477514e-13
(50, 0.4, 0.8, 0.1, 0.0001):-1.2140579535683172e-11
(50, 0.4, 0.8, 0.1, 1e-06):2.410137361799016e-13
(50, 0.4, 0.8, 0.3, 1e-07):2.3624184123084403e-13
(50, 0.4, 0.8, 0.3, 0.0001):-1.1912399445285952e-11
(50, 0.4, 0.8, 0.3, 1e-06):2.351523791527021e-13
(50, 0.4, 0.8, 0.8, 1e-07):2.490663868200986e-13
(50, 0.4, 0.8, 0.8, 0.0001):-1.1371948894555055e-11
(50, 0.4, 0.8, 0.8, 1e-06):2.481893999091938e-13
(50, 0.1, 0.8, 0.2, 1e-07):3.0823104609627644e-13
(50, 0.1, 0.8, 0.2, 0.0001):-8.23144646356285e-12
(50, 0.1, 0.8, 0.2, 1e-06):3.0732630001389637e-13
(50, 0.1, 0.8, 0.5, 1e-07):3.078368681716433e-13
(50, 0.1, 0.8, 0.5, 0.0001):-8.219301380569344e-12
(50, 0.1, 0.8, 0.5, 1e-06):3.0652772896871903e-13
(50, 0.1, 0.8, 0.1, 1e-07):3.115782391768445e-13
(50, 0.1, 0.8, 0.1, 0.0001):-8.23856734295741e-12
(50, 0.1, 0.8, 0.1, 1e-06):3.1338219797009073e-13
(50, 0.1, 0.8, 0.3, 1e-07):3.1574049595506617e-13
(50, 0.1, 0.8, 0.3, 0.0001):-8.224005446726651e-12
(50, 0.1, 0.8, 0.3, 1e-06):3.150125435095285e-13
(50, 0.1, 0.8, 0.8, 1e-07):3.036478884860894e-13
(50, 0.1, 0.8, 0.8, 0.0001):-8.193352567467144e-12
(50, 0.1, 0.8, 0.8, 1e-06):3.0252416585553423e-13
(100, 0.3, 0.8, 0.2, 1e-07):2.614739901831896e-13
(100, 0.3, 0.8, 0.2, 0.0001):-1.082375668085625e-12
(100, 0.3, 0.8, 0.2, 1e-06):2.6146829901548253e-13
(100, 0.3, 0.8, 0.5, 1e-07):2.6197206063907114e-13
(100, 0.3, 0.8, 0.5, 0.0001):-1.0707707181760555e-12
(100, 0.3, 0.8, 0.5, 1e-06):2.578398891826924e-13
(100, 0.3, 0.8, 0.1, 1e-07):2.547586052368443e-13
(100, 0.3, 0.8, 0.1, 0.0001):-1.0942666818768925e-12
(100, 0.3, 0.8, 0.1, 1e-06):2.5458349548864884e-13
(100, 0.3, 0.8, 0.3, 1e-07):2.704144221401346e-13
(100, 0.3, 0.8, 0.3, 0.0001):-1.0686358866908425e-12
(100, 0.3, 0.8, 0.3, 1e-06):2.6986308363240354e-13
(100, 0.3, 0.8, 0.8, 1e-07):2.659694700316479e-13
(100, 0.3, 0.8, 0.8, 0.0001):-1.0489203833800957e-12
(100, 0.3, 0.8, 0.8, 1e-06):2.6582480123475893e-13
(100, 0.4, 0.8, 0.2, 1e-07):2.177177718897826e-13
(100, 0.4, 0.8, 0.2, 0.0001):-1.43306490340165e-12
(100, 0.4, 0.8, 0.2, 1e-06):2.1724577193530718e-13
(100, 0.4, 0.8, 0.5, 1e-07):2.275653428351658e-13
(100, 0.4, 0.8, 0.5, 0.0001):-1.402375854287002e-12
(100, 0.4, 0.8, 0.5, 1e-06):2.2679214716092455e-13
(100, 0.4, 0.8, 0.1, 1e-07):2.3333515893236283e-13
(100, 0.4, 0.8, 0.1, 0.0001):-1.4255498129421715e-12
(100, 0.4, 0.8, 0.1, 1e-06):2.330862588946259e-13
(100, 0.4, 0.8, 0.3, 1e-07):2.315417975144046e-13
(100, 0.4, 0.8, 0.3, 0.0001):-1.414546015462128e-12
(100, 0.4, 0.8, 0.3, 1e-06):2.2786180651967424e-13
(100, 0.4, 0.8, 0.8, 1e-07):2.2709431677294788e-13
(100, 0.4, 0.8, 0.8, 0.0001):-1.376667990193286e-12
(100, 0.4, 0.8, 0.8, 1e-06):2.2712564355668336e-13
(100, 0.1, 0.8, 0.2, 1e-07):2.8382809011634746e-13
(100, 0.1, 0.8, 0.2, 0.0001):-7.729068983405959e-13
(100, 0.1, 0.8, 0.2, 1e-06):2.838150964212691e-13
(100, 0.1, 0.8, 0.5, 1e-07):2.8191687288039223e-13
(100, 0.1, 0.8, 0.5, 0.0001):-7.713466456145605e-13
(100, 0.1, 0.8, 0.5, 1e-06):2.8158593864355917e-13
(100, 0.1, 0.8, 0.1, 1e-07):2.860198115516959e-13
(100, 0.1, 0.8, 0.1, 0.0001):-7.716782277477827e-13
(100, 0.1, 0.8, 0.3, 1e-07):2.882404849700967e-13
(100, 0.1, 0.8, 0.3, 0.0001):-7.670161507186248e-13
(100, 0.1, 0.8, 0.8, 1e-07):2.830221215980633e-13
(100, 0.1, 0.8, 0.8, 0.0001):-7.675794177343728e-13
(10, 0.3, 0.1, 0.1, 1e-05):-3.2332905313665833e-13
(10, 0.3, 0.5, 0.1, 1e-05):-7.659859616107634e-12
(10, 0.3, 0.2, 0.1, 1e-05):-1.3685971579083665e-12
(10, 0.3, 0.1, 0.5, 1e-05):-2.8994598565631463e-13
(10, 0.3, 0.1, 0.3, 1e-05):-2.919120949295454e-13
(10, 0.3, 0.1, 0.8, 1e-05):-2.6284600777028507e-13
(10, 0.3, 0.5, 0.5, 1e-05):-6.6711620878692736e-12
(10, 0.3, 0.5, 0.3, 1e-05):-6.986337408252221e-12
(10, 0.3, 0.5, 0.8, 1e-05):-5.994074672110825e-12
(10, 0.3, 0.2, 0.5, 1e-05):-1.1801437369159204e-12
(10, 0.3, 0.2, 0.3, 1e-05):-1.2271979025715006e-12
(10, 0.3, 0.2, 0.8, 1e-05):-1.0621942060539089e-12
(10, 0.3, 0.8, 0.5, 1e-05):-1.2474733189248064e-11
(10, 0.3, 0.8, 0.3, 1e-05):-1.3246288440480632e-11
(10, 0.3, 0.8, 0.8, 1e-07):3.4514584478815107e-13
(10, 0.3, 0.8, 0.8, 0.0001):-1.1968128363939294e-09
(10, 0.3, 0.8, 0.8, 1e-06):2.2663303599345437e-13
(10, 0.3, 0.8, 0.8, 1e-05):-1.1626461078219923e-11
(10, 0.4, 0.1, 0.5, 1e-05):-3.3143186279166396e-13
(10, 0.4, 0.1, 0.3, 1e-05):-3.415153901997685e-13
(10, 0.4, 0.1, 0.8, 1e-05):-2.920429324088431e-13
(10, 0.4, 0.5, 0.5, 1e-05):-7.238178735954915e-12
(10, 0.4, 0.5, 0.3, 1e-05):-7.712268160425847e-12
(10, 0.4, 0.5, 0.8, 1e-05):-6.4182219005782e-12
(10, 0.4, 0.2, 0.5, 1e-05):-1.3174083978715965e-12
(10, 0.4, 0.2, 0.3, 1e-05):-1.3661334198974828e-12
(10, 0.4, 0.2, 0.8, 1e-05):-1.1592310429132128e-12
(10, 0.4, 0.8, 0.5, 1e-05):-1.3614407395997847e-11
(10, 0.4, 0.8, 0.3, 1e-05):-1.485096457010299e-11
(10, 0.4, 0.8, 0.8, 1e-05):-1.2362179017731066e-11
(10, 0.1, 0.1, 0.5, 1e-07):9.178843894067698e-14
(10, 0.1, 0.1, 0.5, 0.0001):-2.9771539470050735e-11
(10, 0.1, 0.1, 0.5, 1e-06):8.87574102044785e-14
(10, 0.1, 0.1, 0.5, 1e-05):-2.0688862671282236e-13
(10, 0.1, 0.1, 0.3, 1e-07):9.484167318336466e-14
(10, 0.1, 0.1, 0.3, 0.0001):-3.0750250445841574e-11
(10, 0.1, 0.1, 0.3, 1e-06):9.177542611393246e-14
(10, 0.1, 0.1, 0.3, 1e-05):-2.1350133879770985e-13
(10, 0.1, 0.1, 0.8, 1e-07):8.467925467565715e-14
(10, 0.1, 0.1, 0.8, 0.0001):-2.6452683636504655e-11
(10, 0.1, 0.1, 0.8, 1e-06):8.202975680031894e-14
(10, 0.1, 0.1, 0.8, 1e-05):-1.8072585662746998e-13
(10, 0.1, 0.5, 0.5, 1e-07):1.7363963306565018e-13
(10, 0.1, 0.5, 0.5, 0.0001):-6.169353161715124e-10
(10, 0.1, 0.5, 0.5, 1e-06):1.1216625595945969e-13
(10, 0.1, 0.5, 0.5, 1e-05):-5.9973877040350674e-12
(10, 0.1, 0.5, 0.3, 1e-07):1.9013329561622286e-13
(10, 0.1, 0.5, 0.3, 0.0001):-6.425784031637746e-10
(10, 0.1, 0.5, 0.3, 1e-06):1.2669494177780052e-13
(10, 0.1, 0.5, 0.3, 1e-05):-6.236748302480587e-12
(10, 0.1, 0.5, 0.8, 1e-07):1.654802807399539e-13
(10, 0.1, 0.5, 0.8, 0.0001):-5.833120957468699e-10
(10, 0.1, 0.5, 0.8, 1e-06):1.0716480049632633e-13
(10, 0.1, 0.5, 0.8, 1e-05):-5.668961820940494e-12
(10, 0.1, 0.2, 0.5, 1e-07):1.460643513397432e-13
(10, 0.1, 0.2, 0.5, 0.0001):-1.1450182864795022e-10
(10, 0.1, 0.2, 0.5, 1e-06):1.3476994440550434e-13
(10, 0.1, 0.2, 0.5, 1e-05):-1.000249098129627e-12
(10, 0.1, 0.2, 0.3, 1e-07):1.668159542269031e-13
(10, 0.1, 0.2, 0.3, 0.0001):-1.2053737986718516e-10
(10, 0.1, 0.2, 0.3, 1e-06):1.5491723930691234e-13
(10, 0.1, 0.2, 0.3, 1e-05):-1.040018156145589e-12
(10, 0.1, 0.2, 0.8, 1e-07):1.2662022230549093e-13
(10, 0.1, 0.2, 0.8, 0.0001):-1.0698053164207441e-10
(10, 0.1, 0.2, 0.8, 1e-06):1.1604422003402952e-13
(10, 0.1, 0.2, 0.8, 1e-05):-9.444034698361702e-13
(10, 0.1, 0.8, 0.5, 1e-07):3.5063121232669277e-13
(10, 0.1, 0.8, 0.5, 0.0001):-1.2152800544425916e-09
(10, 0.1, 0.8, 0.5, 1e-06):2.3045368123256756e-13
(10, 0.1, 0.8, 0.5, 1e-05):-1.1805511995065339e-11
(10, 0.1, 0.8, 0.3, 1e-07):3.6055282479367163e-13
(10, 0.1, 0.8, 0.3, 0.0001):-1.2050490771177704e-09
(10, 0.1, 0.8, 0.3, 1e-06):2.415164487636568e-13
(10, 0.1, 0.8, 0.3, 1e-05):-1.1692193093036464e-11
(10, 0.1, 0.8, 0.8, 1e-07):3.6206602593782684e-13
(10, 0.1, 0.8, 0.8, 0.0001):-1.1156737194267733e-09
(10, 0.1, 0.8, 0.8, 1e-06):2.5116954138347577e-13
(10, 0.1, 0.8, 0.8, 1e-05):-1.0797115033965632e-11
(10, 0.2, 0.1, 0.5, 1e-07):6.170562310780946e-14
(10, 0.2, 0.1, 0.5, 0.0001):-3.027972349510182e-11
(10, 0.2, 0.1, 0.5, 1e-06):5.87003199497524e-14
(10, 0.2, 0.1, 0.5, 1e-05):-2.418827323368123e-13
(10, 0.2, 0.1, 0.3, 1e-07):7.920285867398218e-14
(10, 0.2, 0.1, 0.3, 0.0001):-3.203011853289973e-11
(10, 0.2, 0.1, 0.3, 1e-06):7.601360811178311e-14
(10, 0.2, 0.1, 0.3, 1e-05):-2.4181648514145474e-13
(10, 0.2, 0.1, 0.8, 1e-07):4.821889991925443e-14
(10, 0.2, 0.1, 0.8, 0.0001):-2.812268780845214e-11
(10, 0.2, 0.1, 0.8, 1e-06):4.548414479471442e-14
(10, 0.2, 0.1, 0.8, 1e-05):-2.334614024360923e-13
(10, 0.2, 0.5, 0.5, 1e-07):1.6169469023624578e-13
(10, 0.2, 0.5, 0.5, 0.0001):-6.40301231730767e-10
(10, 0.2, 0.5, 0.5, 1e-06):9.846422029801543e-14
(10, 0.2, 0.5, 0.5, 1e-05):-6.2422012665983654e-12
(10, 0.2, 0.5, 0.3, 1e-07):1.7308797971426707e-13
(10, 0.2, 0.5, 0.3, 0.0001):-6.672563464172132e-10
(10, 0.2, 0.5, 0.3, 1e-06):1.0693470399481138e-13
(10, 0.2, 0.5, 0.3, 1e-05):-6.500398297960927e-12
(10, 0.2, 0.5, 0.8, 1e-07):1.5128768508940552e-13
(10, 0.2, 0.5, 0.8, 0.0001):-5.854320969433798e-10
(10, 0.2, 0.5, 0.8, 1e-06):9.347180121399862e-14
(10, 0.2, 0.5, 0.8, 1e-05):-5.703342265791771e-12
(10, 0.2, 0.2, 0.5, 1e-07):1.1785671363972375e-13
(10, 0.2, 0.2, 0.5, 0.0001):-1.1893322966280914e-10
(10, 0.2, 0.2, 0.5, 1e-06):1.0596448829333017e-13
(10, 0.2, 0.2, 0.5, 1e-05):-1.0725914521451542e-12
(10, 0.2, 0.2, 0.3, 1e-07):1.3902935681036152e-13
(10, 0.2, 0.2, 0.3, 0.0001):-1.2552246628871507e-10
(10, 0.2, 0.2, 0.3, 1e-06):1.2651580508295908e-13
(10, 0.2, 0.2, 0.3, 1e-05):-1.117543075318071e-12
(10, 0.2, 0.2, 0.8, 1e-07):1.0161852952797151e-13
(10, 0.2, 0.2, 0.8, 0.0001):-1.062167212148498e-10
(10, 0.2, 0.2, 0.8, 1e-06):9.114116545184469e-14
(10, 0.2, 0.2, 0.8, 1e-05):-9.614027562999938e-13
(10, 0.2, 0.8, 0.5, 1e-07):3.397716805018691e-13
(10, 0.2, 0.8, 0.5, 0.0001):-1.2057860355930625e-09
(10, 0.2, 0.8, 0.5, 1e-06):2.2034632164149612e-13
(10, 0.2, 0.8, 0.5, 1e-05):-1.1717911637099565e-11
(10, 0.2, 0.8, 0.3, 1e-07):3.56343897627915e-13
(10, 0.2, 0.8, 0.3, 0.0001):-1.2557392182849416e-09
(10, 0.2, 0.8, 0.3, 1e-06):2.3342674158379723e-13
(10, 0.2, 0.8, 0.3, 1e-05):-1.2203480877798308e-11
(10, 0.2, 0.8, 0.8, 1e-07):3.584537361956979e-13
(10, 0.2, 0.8, 0.8, 0.0001):-1.1440226860879617e-09
(10, 0.2, 0.8, 0.8, 1e-06):2.4410040153864683e-13
(10, 0.2, 0.8, 0.8, 1e-05):-1.1084435114139775e-11
(100, 0.3, 0.1, 0.5, 1e-05):1.2422973602286687e-14
(100, 0.3, 0.1, 0.3, 1e-05):1.254073852943099e-14
(100, 0.3, 0.1, 0.8, 1e-05):1.2397301033297613e-14
(100, 0.3, 0.5, 0.5, 1e-05):5.82058292224319e-14
(100, 0.3, 0.5, 0.3, 1e-05):5.869907471340128e-14
(100, 0.3, 0.5, 0.8, 1e-05):5.791288233763286e-14
(100, 0.3, 0.2, 0.5, 1e-05):4.762381996355706e-14
(100, 0.3, 0.2, 0.3, 1e-05):4.779673241985724e-14
(100, 0.3, 0.2, 0.8, 1e-05):4.786532955348798e-14
(100, 0.3, 0.8, 0.5, 1e-05):2.1381423977924473e-13
(100, 0.3, 0.8, 0.3, 1e-05):2.150933271419077e-13
(100, 0.3, 0.8, 0.8, 1e-05):2.1152741895550428e-13
(100, 0.4, 0.1, 0.5, 1e-05):9.07472120898755e-15
(100, 0.4, 0.1, 0.3, 1e-05):9.262670485439138e-15
(100, 0.4, 0.1, 0.8, 1e-05):9.015418528696507e-15
(100, 0.4, 0.5, 0.5, 1e-05):1.587344921650163e-14
(100, 0.4, 0.5, 0.3, 1e-05):1.4981836031866415e-14
(100, 0.4, 0.5, 0.8, 1e-05):1.6128349739384174e-14
(100, 0.4, 0.2, 0.5, 1e-05):3.476195091323531e-14
(100, 0.4, 0.2, 0.3, 1e-05):3.4697812199527475e-14
(100, 0.4, 0.2, 0.8, 1e-05):3.4579175753073214e-14
(100, 0.4, 0.8, 0.5, 1e-05):1.4139751501685467e-13
(100, 0.4, 0.8, 0.3, 1e-05):1.2635769159750387e-13
(100, 0.4, 0.8, 0.8, 1e-05):1.4217060660582376e-13
(100, 0.1, 0.1, 0.5, 1e-05):4.3934964493501554e-14
(100, 0.1, 0.1, 0.3, 1e-05):4.402835244096061e-14
(100, 0.1, 0.1, 0.8, 1e-05):4.382720004890983e-14
(100, 0.1, 0.5, 0.5, 1e-05):1.469653379555809e-13
(100, 0.1, 0.5, 0.3, 1e-05):1.4702750818359257e-13
(100, 0.1, 0.5, 0.8, 1e-05):1.4639036031109863e-13
(100, 0.1, 0.2, 0.5, 1e-05):9.097171924013921e-14
(100, 0.1, 0.8, 0.5, 1e-05):2.653141877175502e-13
(100, 0.2, 0.1, 0.5, 1e-07):2.1018435663165648e-14
(100, 0.2, 0.1, 0.5, 0.0001):-1.2958726794175888e-14
(100, 0.2, 0.1, 0.5, 1e-06):2.0790198900834288e-14
(100, 0.2, 0.1, 0.5, 1e-05):2.050720062641511e-14
(100, 0.2, 0.1, 0.3, 1e-07):2.0872149718827997e-14
(100, 0.2, 0.1, 0.3, 0.0001):-1.3091305679109008e-14
(100, 0.2, 0.1, 0.3, 1e-06):2.0811227967477488e-14
(100, 0.2, 0.1, 0.3, 1e-05):2.047901123884539e-14
(100, 0.2, 0.1, 0.8, 1e-07):2.087331369401909e-14
(100, 0.2, 0.1, 0.8, 0.0001):-1.2745534196763228e-14
(100, 0.2, 0.1, 0.8, 1e-06):2.0819978126233684e-14
(100, 0.2, 0.1, 0.8, 1e-05):2.0459630388653797e-14
(100, 0.2, 0.5, 0.5, 1e-07):1.1339440096669285e-13
(100, 0.2, 0.5, 0.5, 0.0001):-5.792736322270861e-13
(100, 0.2, 0.5, 0.5, 1e-06):1.1328602998955923e-13
(100, 0.2, 0.5, 0.5, 1e-05):1.0637783606635665e-13
(100, 0.2, 0.5, 0.3, 1e-07):1.1430958827516997e-13
(100, 0.2, 0.5, 0.3, 0.0001):-5.808929921530484e-13
(100, 0.2, 0.5, 0.3, 1e-06):1.140003402317783e-13
(100, 0.2, 0.5, 0.3, 1e-05):1.072506392928191e-13
(100, 0.2, 0.5, 0.8, 1e-07):1.1303109336462055e-13
(100, 0.2, 0.5, 0.8, 0.0001):-5.762689157909447e-13
(100, 0.2, 0.5, 0.8, 1e-06):1.1299403439642924e-13
(100, 0.2, 0.5, 0.8, 1e-05):1.0609601449680792e-13
(100, 0.2, 0.2, 0.5, 1e-07):6.065153613176143e-14
(100, 0.2, 0.2, 0.5, 0.0001):-7.139276588913875e-14
(100, 0.2, 0.2, 0.5, 1e-06):6.062045240092032e-14
(100, 0.2, 0.2, 0.5, 1e-05):5.934553198752691e-14
(100, 0.2, 0.2, 0.3, 1e-07):6.045571800725465e-14
(100, 0.2, 0.2, 0.3, 0.0001):-7.20302469245267e-14
(100, 0.2, 0.2, 0.8, 1e-07):6.103266812831777e-14
(100, 0.2, 0.2, 0.8, 0.0001):-7.030876618298854e-14
(100, 0.2, 0.8, 0.5, 1e-07):2.6219165670241354e-13
(100, 0.2, 0.8, 0.5, 0.0001):-9.944825530233755e-13
(100, 0.2, 0.8, 0.5, 1e-06):2.620755107996547e-13
(100, 0.2, 0.8, 0.5, 1e-05):2.495330372926362e-13
(100, 0.2, 0.8, 0.3, 1e-07):2.730695912943685e-13
(100, 0.2, 0.8, 0.3, 0.0001):-9.867821672261332e-13
(100, 0.2, 0.8, 0.8, 1e-07):2.661761124360436e-13
(100, 0.2, 0.8, 0.8, 0.0001):-9.863359565797122e-13
(500, 0.3, 0.1, 0.5, 1e-07):9.93590287762572e-15
(500, 0.3, 0.1, 0.5, 0.0001):9.736419527495203e-15
(500, 0.3, 0.1, 0.5, 1e-06):9.938274074453697e-15
(500, 0.3, 0.1, 0.5, 1e-05):1.0030851247778945e-14
(500, 0.3, 0.1, 0.3, 1e-07):1.0106895909450922e-14
(500, 0.3, 0.1, 0.3, 0.0001):9.563808403200803e-15
(500, 0.3, 0.1, 0.3, 1e-06):9.979174321494957e-15
(500, 0.3, 0.1, 0.3, 1e-05):9.957553345464914e-15
(500, 0.3, 0.1, 0.8, 1e-07):9.957028383177563e-15
(500, 0.3, 0.1, 0.8, 0.0001):9.672871281722921e-15
(500, 0.3, 0.1, 0.8, 1e-06):9.85114272815925e-15
(500, 0.3, 0.1, 0.8, 1e-05):9.780989935579017e-15
(500, 0.3, 0.5, 0.5, 1e-07):4.178110685861893e-14
(500, 0.3, 0.5, 0.5, 0.0001):3.465419343136451e-14
(500, 0.3, 0.5, 0.5, 1e-06):4.194646487036814e-14
(500, 0.3, 0.5, 0.5, 1e-05):4.163871722068928e-14
(500, 0.3, 0.5, 0.3, 1e-07):3.991609509758285e-14
(500, 0.3, 0.5, 0.3, 0.0001):3.2761222188159184e-14
(500, 0.3, 0.5, 0.3, 1e-06):3.970395562263565e-14
(500, 0.3, 0.5, 0.3, 1e-05):3.973233525356202e-14
(500, 0.3, 0.5, 0.8, 1e-07):4.154879069762068e-14
(500, 0.3, 0.5, 0.8, 0.0001):3.4720625037319454e-14
(500, 0.3, 0.5, 0.8, 1e-06):4.1532982614289345e-14
(500, 0.3, 0.5, 0.8, 1e-05):4.17304574386098e-14
(500, 0.3, 0.2, 0.5, 1e-07):5.727165456363933e-14
(500, 0.3, 0.2, 0.5, 0.0001):5.579107923418528e-14
(500, 0.3, 0.2, 0.5, 1e-06):5.707921308320753e-14
(500, 0.3, 0.2, 0.5, 1e-05):5.715816616617891e-14
(500, 0.3, 0.2, 0.3, 1e-07):5.705999728812432e-14
(500, 0.3, 0.2, 0.3, 0.0001):5.581895795343781e-14
(500, 0.3, 0.2, 0.3, 1e-06):5.70739430153187e-14
(500, 0.3, 0.2, 0.3, 1e-05):5.718517204794884e-14
(500, 0.3, 0.2, 0.8, 1e-07):5.674885048101877e-14
(500, 0.3, 0.2, 0.8, 0.0001):5.542184047969397e-14
(500, 0.3, 0.2, 0.8, 1e-06):5.6766164876297715e-14
(500, 0.3, 0.2, 0.8, 1e-05):5.671818200033456e-14
(500, 0.3, 0.8, 0.5, 1e-07):1.7816060175812048e-13
(500, 0.3, 0.8, 0.5, 0.0001):1.6538303338719878e-13
(500, 0.3, 0.8, 0.5, 1e-06):1.7818660365905548e-13
(500, 0.3, 0.8, 0.5, 1e-05):1.78120323311012e-13
(500, 0.3, 0.8, 0.3, 1e-07):1.8732129902398668e-13
(500, 0.3, 0.8, 0.3, 0.0001):1.7468408885418418e-13
(500, 0.3, 0.8, 0.3, 1e-06):1.874292617092343e-13
(500, 0.3, 0.8, 0.3, 1e-05):1.87596107238679e-13
(500, 0.3, 0.8, 0.8, 1e-07):1.9168273191322104e-13
(500, 0.3, 0.8, 0.8, 0.0001):1.7894464277899843e-13
(500, 0.3, 0.8, 0.8, 1e-06):1.91458300828034e-13
(500, 0.3, 0.8, 0.8, 1e-05):1.9103325218937013e-13
(500, 0.4, 0.1, 0.5, 1e-07):5.874329785579198e-15
(500, 0.4, 0.1, 0.5, 0.0001):5.45343095269912e-15
(500, 0.4, 0.1, 0.5, 1e-06):5.835783418159393e-15
(500, 0.4, 0.1, 0.5, 1e-05):5.769800594335443e-15
(500, 0.4, 0.1, 0.3, 1e-07):5.921075545178082e-15
(500, 0.4, 0.1, 0.3, 0.0001):5.321699494923013e-15
(500, 0.4, 0.1, 0.3, 1e-06):5.944108399416491e-15
(500, 0.4, 0.1, 0.3, 1e-05):5.908609767548824e-15
(500, 0.4, 0.1, 0.8, 1e-07):5.793723534195045e-15
(500, 0.4, 0.1, 0.8, 0.0001):5.4220508394243095e-15
(500, 0.4, 0.1, 0.8, 1e-06):5.842553370293364e-15
(500, 0.4, 0.1, 0.8, 1e-05):5.7956924172712525e-15
(10, 0.3, 0.1, 0.2, 1e-05):-2.9837522949649076e-13
(10, 0.3, 0.5, 0.2, 1e-05):-7.278696426148182e-12
(10, 0.3, 0.2, 0.2, 1e-05):-1.2769117637868144e-12
(10, 0.3, 0.8, 0.2, 1e-05):-1.3640458944457274e-11
(10, 0.3, 0.8, 0.1, 1e-05):-1.4067434310767029e-11
(10, 0.4, 0.1, 0.2, 1e-05):-3.612353554028806e-13
(10, 0.4, 0.1, 0.1, 1e-05):-3.9391968693861596e-13
(10, 0.4, 0.5, 0.2, 1e-05):-8.241577828636536e-12
(10, 0.4, 0.5, 0.1, 1e-05):-8.793411124097128e-12
(10, 0.4, 0.2, 0.2, 1e-05):-1.4612396821909504e-12
(10, 0.4, 0.2, 0.1, 1e-05):-1.6016146699434416e-12
(10, 0.4, 0.8, 0.2, 1e-05):-1.5490048971473044e-11
(10, 0.4, 0.8, 0.1, 1e-05):-1.612039481855924e-11
(10, 0.1, 0.1, 0.2, 1e-07):9.647254192039636e-14
(10, 0.1, 0.1, 0.2, 0.0001):-3.157540747856747e-11
(10, 0.1, 0.1, 0.2, 1e-06):9.339761225095176e-14
(10, 0.1, 0.1, 0.2, 1e-05):-2.202677068448612e-13
(10, 0.1, 0.1, 0.1, 1e-07):9.81680261909204e-14
(10, 0.1, 0.1, 0.1, 0.0001):-3.2628585364501795e-11
(10, 0.1, 0.1, 0.1, 1e-06):9.495185106080045e-14
(10, 0.1, 0.1, 0.1, 1e-05):-2.2900862110160603e-13
(10, 0.1, 0.5, 0.2, 1e-07):1.9005223983378083e-13
(10, 0.1, 0.5, 0.2, 0.0001):-6.581753151870855e-10
(10, 0.1, 0.5, 0.2, 1e-06):1.2466355830629109e-13
(10, 0.1, 0.5, 0.2, 1e-05):-6.392820055062639e-12
(10, 0.1, 0.5, 0.1, 1e-07):1.9938760064737786e-13
(10, 0.1, 0.5, 0.1, 0.0001):-6.757648446400309e-10
(10, 0.1, 0.5, 0.1, 1e-06):1.3259820084536352e-13
(10, 0.1, 0.5, 0.1, 1e-05):-6.559785941054758e-12
(10, 0.1, 0.2, 0.2, 1e-07):1.6819535454036964e-13
(10, 0.1, 0.2, 0.2, 0.0001):-1.236528053982886e-10
(10, 0.1, 0.2, 0.2, 1e-06):1.5605711032700392e-13
(10, 0.1, 0.2, 0.2, 1e-05):-1.0697905303945783e-12
(10, 0.1, 0.2, 0.1, 1e-07):1.7418171833747053e-13
(10, 0.1, 0.2, 0.1, 0.0001):-1.2777833511506907e-10
(10, 0.1, 0.2, 0.1, 1e-06):1.6136926461584892e-13
(10, 0.1, 0.2, 0.1, 1e-05):-1.105389040245935e-12
(10, 0.1, 0.8, 0.2, 1e-07):3.5214009562343565e-13
(10, 0.1, 0.8, 0.2, 0.0001):-1.2229560573594518e-09
(10, 0.1, 0.8, 0.2, 1e-06):2.301852324259632e-13
(10, 0.1, 0.8, 0.2, 1e-05):-1.1880582158856896e-11
(10, 0.1, 0.8, 0.1, 1e-07):3.570873439436991e-13
(10, 0.1, 0.8, 0.1, 0.0001):-1.2400660738619792e-09
(10, 0.1, 0.8, 0.1, 1e-06):2.3294697316586533e-13
(10, 0.1, 0.8, 0.1, 1e-05):-1.2047218884808773e-11
(10, 0.2, 0.1, 0.2, 1e-07):7.683209250831436e-14
(10, 0.2, 0.1, 0.2, 0.0001):-3.290355630978658e-11
(10, 0.2, 0.1, 0.2, 1e-06):7.357746125790246e-14
(10, 0.2, 0.1, 0.2, 1e-05):-2.528663430773983e-13
(10, 0.2, 0.1, 0.1, 1e-07):7.455370169091646e-14
(10, 0.2, 0.1, 0.1, 0.0001):-3.432429462475892e-11
(10, 0.2, 0.1, 0.1, 1e-06):7.118239927808431e-14
(10, 0.2, 0.1, 0.1, 1e-05):-2.693619529238772e-13
(10, 0.2, 0.5, 0.2, 1e-07):1.796477484939308e-13
(10, 0.2, 0.5, 0.2, 0.0001):-6.866571969084972e-10
(10, 0.2, 0.5, 0.2, 1e-06):1.1197062809657651e-13
(10, 0.2, 0.5, 0.2, 1e-05):-6.687736634501954e-12
(10, 0.2, 0.5, 0.1, 1e-07):1.858860188876784e-13
(10, 0.2, 0.5, 0.1, 0.0001):-7.112114278572318e-10
(10, 0.2, 0.5, 0.1, 1e-06):1.1542607579322084e-13
(10, 0.2, 0.5, 0.1, 1e-05):-6.927638714936214e-12
(10, 0.2, 0.2, 0.2, 1e-07):1.387585270060668e-13
(10, 0.2, 0.2, 0.2, 0.0001):-1.2895697024942567e-10
(10, 0.2, 0.2, 0.2, 1e-06):1.2596896644842569e-13
(10, 0.2, 0.2, 0.2, 1e-05):-1.1519822631457041e-12
(10, 0.2, 0.2, 0.1, 1e-07):1.3659945308761088e-13
(10, 0.2, 0.2, 0.1, 0.0001):-1.343293810310227e-10
(10, 0.2, 0.2, 0.1, 1e-06):1.2292629027671704e-13
(10, 0.2, 0.2, 0.1, 1e-05):-1.2083271956311145e-12
(10, 0.2, 0.8, 0.2, 1e-07):3.405321935368981e-13
(10, 0.2, 0.8, 0.2, 0.0001):-1.2825099966607936e-09
(10, 0.2, 0.8, 0.2, 1e-06):2.127328772023153e-13
(10, 0.2, 0.8, 0.2, 1e-05):-1.248760321161076e-11
(10, 0.2, 0.8, 0.1, 1e-07):3.83567923037967e-13
(10, 0.2, 0.8, 0.1, 0.0001):-1.3084632871071166e-09
(10, 0.2, 0.8, 0.1, 1e-06):2.524580337777679e-13
(10, 0.2, 0.8, 0.1, 1e-05):-1.270503635673904e-11
(50, 0.3, 0.1, 0.2, 1e-05):6.365513725644444e-15
(50, 0.3, 0.1, 0.5, 1e-05):7.197591139572286e-15
(50, 0.3, 0.1, 0.1, 1e-05):6.119225402777971e-15
(50, 0.3, 0.1, 0.3, 1e-05):6.649400595083435e-15
(50, 0.3, 0.1, 0.8, 1e-05):7.941760509351125e-15
(50, 0.3, 0.5, 0.2, 1e-05):-1.719041357556283e-14
(50, 0.3, 0.5, 0.5, 1e-05):-1.0342659544589467e-14
(50, 0.3, 0.5, 0.1, 1e-05):-2.0382935526709346e-14
(50, 0.3, 0.5, 0.3, 1e-05):-1.528094166764646e-14
(50, 0.3, 0.5, 0.8, 1e-05):-4.73619610263637e-15
(50, 0.3, 0.2, 0.2, 1e-05):2.55460933136418e-14
(50, 0.3, 0.2, 0.5, 1e-05):2.8124451303327284e-14
(50, 0.3, 0.2, 0.1, 1e-05):2.460845731285253e-14
(50, 0.3, 0.2, 0.3, 1e-05):2.6394306522977154e-14
(50, 0.3, 0.2, 0.8, 1e-05):3.020092912963511e-14
(50, 0.3, 0.8, 0.2, 1e-05):1.1530033702604587e-13
(50, 0.3, 0.8, 0.5, 1e-05):1.1478128534539956e-13
(50, 0.3, 0.8, 0.1, 1e-05):1.1182079976982669e-13
(50, 0.3, 0.8, 0.3, 1e-05):1.0933351906785162e-13
(50, 0.3, 0.8, 0.8, 1e-05):1.1674848332317325e-13
(50, 0.4, 0.1, 0.2, 1e-05):2.800405475861279e-15
(50, 0.4, 0.1, 0.5, 1e-05):3.717210482127677e-15
(50, 0.4, 0.1, 0.1, 1e-05):2.4860848120498735e-15
(50, 0.4, 0.1, 0.3, 1e-05):2.9902926011614792e-15
(50, 0.4, 0.1, 0.8, 1e-05):4.396981118753519e-15
(50, 0.4, 0.5, 0.2, 1e-05):-7.757459689139276e-14
(50, 0.4, 0.5, 0.5, 1e-05):-6.878303942871946e-14
(50, 0.4, 0.5, 0.1, 1e-05):-8.056779319188653e-14
(50, 0.4, 0.5, 0.3, 1e-05):-7.546027069910298e-14
(50, 0.4, 0.5, 0.8, 1e-05):-5.688247659588891e-14
(50, 0.4, 0.2, 0.2, 1e-05):1.147674281006835e-14
(50, 0.4, 0.2, 0.5, 1e-05):1.4451519756251736e-14
(50, 0.4, 0.2, 0.1, 1e-05):1.0473751455339706e-14
(50, 0.4, 0.2, 0.3, 1e-05):1.25735037506568e-14
(50, 0.4, 0.2, 0.8, 1e-05):1.731956276531922e-14
(50, 0.4, 0.8, 0.2, 1e-05):2.583607343427612e-15
(50, 0.4, 0.8, 0.5, 1e-05):7.248145344442106e-15
(50, 0.4, 0.8, 0.1, 1e-05):6.758739306338498e-16
(50, 0.4, 0.8, 0.3, 1e-05):3.3930010987274324e-15
(50, 0.4, 0.8, 0.8, 1e-05):9.510266893696947e-15
(50, 0.1, 0.1, 0.2, 1e-05):4.1086298366328913e-14
(50, 0.1, 0.1, 0.5, 1e-05):4.0323761556000074e-14
(50, 0.1, 0.1, 0.1, 1e-05):4.1109930734261735e-14
(50, 0.1, 0.1, 0.3, 1e-05):4.066866738730692e-14
(50, 0.1, 0.1, 0.8, 1e-05):3.9973400616548893e-14
(50, 0.1, 0.5, 0.2, 1e-05):1.0880736780449252e-13
(50, 0.1, 0.5, 0.5, 1e-05):1.0912887319078821e-13
(50, 0.1, 0.5, 0.1, 1e-05):1.0886024316779074e-13
(50, 0.1, 0.5, 0.3, 1e-05):1.0857200440677203e-13
(50, 0.1, 0.5, 0.8, 1e-05):1.0932046915682933e-13
(50, 0.1, 0.2, 0.2, 1e-05):9.05792545885803e-14
(50, 0.1, 0.2, 0.5, 1e-05):8.984671439033697e-14
(50, 0.1, 0.2, 0.1, 1e-05):9.085114268561574e-14
(50, 0.1, 0.2, 0.3, 1e-05):9.010167193720055e-14
(50, 0.1, 0.2, 0.8, 1e-05):8.915771060724401e-14
(50, 0.1, 0.8, 0.2, 1e-05):2.0998319237888581e-13
(50, 0.1, 0.8, 0.5, 1e-05):1.97908683256039e-13
(50, 0.1, 0.8, 0.1, 1e-05):2.0682137135614602e-13
(50, 0.1, 0.8, 0.3, 1e-05):2.0097695445616125e-13
(50, 0.1, 0.8, 0.8, 1e-05):1.961428410155572e-13
(50, 0.2, 0.1, 0.2, 1e-07):1.7031335038361035e-14
(50, 0.2, 0.1, 0.2, 0.0001):-2.4897944200721133e-13
(50, 0.2, 0.1, 0.2, 1e-06):1.698773106559293e-14
(50, 0.2, 0.1, 0.2, 1e-05):1.4362243069969613e-14
(50, 0.2, 0.1, 0.5, 1e-07):1.765343148491362e-14
(50, 0.2, 0.1, 0.5, 0.0001):-2.445552896193314e-13
(50, 0.2, 0.1, 0.5, 1e-06):1.757975542227181e-14
(50, 0.2, 0.1, 0.5, 1e-05):1.499782066168568e-14
(50, 0.2, 0.1, 0.1, 1e-07):1.6705514617561592e-14
(50, 0.2, 0.1, 0.1, 0.0001):-2.5055123314541125e-13
(50, 0.2, 0.1, 0.1, 1e-06):1.6693480893801867e-14
(50, 0.2, 0.1, 0.1, 1e-05):1.4007305280351672e-14
(50, 0.2, 0.1, 0.3, 1e-07):1.7153045416840608e-14
(50, 0.2, 0.1, 0.3, 0.0001):-2.475634404960133e-13
(50, 0.2, 0.1, 0.3, 1e-06):1.7098969478344614e-14
(50, 0.2, 0.1, 0.3, 1e-05):1.4510448197334673e-14
(50, 0.2, 0.1, 0.8, 1e-07):1.8118819031529566e-14
(50, 0.2, 0.1, 0.8, 0.0001):-2.4031065415334336e-13
(50, 0.2, 0.1, 0.8, 1e-06):1.808560736368768e-14
(50, 0.2, 0.1, 0.8, 1e-05):1.550781140795605e-14
(50, 0.2, 0.5, 0.2, 1e-07):1.064745432846718e-13
(50, 0.2, 0.5, 0.2, 0.0001):-5.3444192383617484e-12
(50, 0.2, 0.5, 0.2, 1e-06):1.0582457764935258e-13
(50, 0.2, 0.5, 0.2, 1e-05):5.187358526268288e-14
(50, 0.2, 0.5, 0.5, 1e-07):1.0819522702283605e-13
(50, 0.2, 0.5, 0.5, 0.0001):-5.277793887684836e-12
(50, 0.2, 0.5, 0.5, 1e-06):1.0755567459880567e-13
(50, 0.2, 0.5, 0.5, 1e-05):5.379938422978521e-14
(50, 0.2, 0.5, 0.1, 1e-07):1.0602394843861513e-13
(50, 0.2, 0.5, 0.1, 0.0001):-5.3665193163130636e-12
(50, 0.2, 0.5, 0.1, 1e-06):1.0532132579044855e-13
(50, 0.2, 0.5, 0.1, 1e-05):5.110982087300491e-14
(50, 0.2, 0.5, 0.3, 1e-07):1.0656838748013367e-13
(50, 0.2, 0.5, 0.3, 0.0001):-5.321955034990292e-12
(50, 0.2, 0.5, 0.3, 1e-06):1.0591704321632622e-13
(50, 0.2, 0.5, 0.3, 1e-05):5.236303033450699e-14
(50, 0.2, 0.5, 0.8, 1e-07):1.0907183009312759e-13
(50, 0.2, 0.5, 0.8, 0.0001):-5.215484720308966e-12
(50, 0.2, 0.5, 0.8, 1e-06):1.0843418580232219e-13
(50, 0.2, 0.5, 0.8, 1e-05):5.580601555696464e-14
(50, 0.2, 0.2, 0.2, 1e-07):5.446685220058385e-14
(50, 0.2, 0.2, 0.2, 0.0001):-9.839920157398844e-13
(50, 0.2, 0.2, 0.2, 1e-06):5.4371604457178305e-14
(50, 0.2, 0.2, 0.2, 1e-05):4.403765038831221e-14
(50, 0.2, 0.2, 0.5, 1e-07):5.508583008856432e-14
(50, 0.2, 0.2, 0.5, 0.0001):-9.688969949935537e-13
(50, 0.2, 0.2, 0.5, 1e-06):5.4895625882772067e-14
(50, 0.2, 0.2, 0.5, 1e-05):4.481591227671538e-14
(50, 0.2, 0.2, 0.1, 1e-07):5.447419308217937e-14
(50, 0.2, 0.2, 0.1, 0.0001):-9.888496461205912e-13
(50, 0.2, 0.2, 0.1, 1e-06):5.441666012945155e-14
(50, 0.2, 0.2, 0.1, 1e-05):4.40546593034223e-14
(50, 0.2, 0.2, 0.3, 1e-07):5.471050938322599e-14
(50, 0.2, 0.2, 0.3, 0.0001):-9.787060179289967e-13
(50, 0.2, 0.2, 0.3, 1e-06):5.463398200641195e-14
(50, 0.2, 0.2, 0.3, 1e-05):4.437523282204203e-14
(50, 0.2, 0.2, 0.8, 1e-07):5.528434049733039e-14
(50, 0.2, 0.2, 0.8, 0.0001):-9.546537478784418e-13
(50, 0.2, 0.2, 0.8, 1e-06):5.5089644518646803e-14
(50, 0.2, 0.2, 0.8, 1e-05):4.5155931736271696e-14
(50, 0.2, 0.8, 0.2, 1e-07):2.687213941663309e-13
(50, 0.2, 0.8, 0.2, 0.0001):-9.628882490610734e-12
(50, 0.2, 0.8, 0.2, 1e-06):2.6764792695908155e-13
(50, 0.2, 0.8, 0.2, 1e-05):1.7027451362273778e-13
(50, 0.2, 0.8, 0.5, 1e-07):2.7534858413401405e-13
(50, 0.2, 0.8, 0.5, 0.0001):-9.543157271060423e-12
(50, 0.2, 0.8, 0.5, 1e-06):2.7465817592287383e-13
(50, 0.2, 0.8, 0.5, 1e-05):1.7821405699456774e-13
(50, 0.2, 0.8, 0.1, 1e-07):2.729664254697468e-13
(50, 0.2, 0.8, 0.1, 0.0001):-9.64943817499896e-12
(50, 0.2, 0.8, 0.1, 1e-06):2.7204416883939665e-13
(50, 0.2, 0.8, 0.1, 1e-05):1.7377700861265334e-13
(50, 0.2, 0.8, 0.3, 1e-07):2.7671549537759254e-13
(50, 0.2, 0.8, 0.3, 0.0001):-9.595752731100304e-12
(50, 0.2, 0.8, 0.3, 1e-06):2.7539296670502514e-13
(50, 0.2, 0.8, 0.3, 1e-05):1.7810863400048643e-13
(50, 0.2, 0.8, 0.8, 1e-07):2.7391387934069636e-13
(50, 0.2, 0.8, 0.8, 0.0001):-9.47011234799953e-12
(50, 0.2, 0.8, 0.8, 1e-06):2.7268035789575364e-13
(50, 0.2, 0.8, 0.8, 1e-05):1.7667133097780056e-13
(500, 0.3, 0.1, 0.2, 1e-07):9.759484491689125e-15
(500, 0.3, 0.1, 0.2, 0.0001):9.483160061760622e-15
(500, 0.3, 0.1, 0.2, 1e-06):9.734316796283891e-15
(500, 0.3, 0.1, 0.2, 1e-05):9.800300837044808e-15
(500, 0.3, 0.1, 0.1, 1e-07):9.996226556761787e-15
(500, 0.3, 0.1, 0.1, 0.0001):9.660235277288505e-15
(500, 0.3, 0.1, 0.1, 1e-06):9.954373336165905e-15
(500, 0.3, 0.1, 0.1, 1e-05):9.993317183860178e-15
(500, 0.3, 0.5, 0.2, 1e-07):4.0185985768400814e-14
(500, 0.3, 0.5, 0.2, 0.0001):3.29816660220702e-14
(500, 0.3, 0.5, 0.2, 1e-06):4.0067401410856734e-14
(500, 0.3, 0.5, 0.2, 1e-05):3.999597845212101e-14
(500, 0.3, 0.5, 0.1, 1e-07):4.0359869723717853e-14
(500, 0.3, 0.5, 0.1, 0.0001):3.335952629485047e-14
(500, 0.3, 0.5, 0.1, 1e-06):4.050044965224042e-14
(500, 0.3, 0.5, 0.1, 1e-05):4.013168497729256e-14
(500, 0.3, 0.2, 0.2, 1e-07):5.728362705189506e-14
(500, 0.3, 0.2, 0.2, 0.0001):5.582727493458688e-14
(500, 0.3, 0.2, 0.2, 1e-06):5.724153739661847e-14
(500, 0.3, 0.2, 0.2, 1e-05):5.737746847607736e-14
(500, 0.3, 0.2, 0.1, 1e-07):5.734555937196863e-14
(500, 0.3, 0.2, 0.1, 0.0001):5.5930124694762633e-14
(500, 0.3, 0.2, 0.1, 1e-06):5.72828502501088e-14
(500, 0.3, 0.2, 0.1, 1e-05):5.732995718269482e-14
(500, 0.3, 0.8, 0.2, 1e-07):1.8550910869973946e-13
(500, 0.3, 0.8, 0.2, 0.0001):1.7275432399459945e-13
(500, 0.3, 0.8, 0.2, 1e-06):1.8537241873764776e-13
(500, 0.3, 0.8, 0.2, 1e-05):1.8564916477377152e-13
(500, 0.3, 0.8, 0.1, 1e-07):1.8464429614192087e-13
(500, 0.3, 0.8, 0.1, 0.0001):1.7200329918926772e-13
(500, 0.3, 0.8, 0.1, 1e-06):1.846880470609266e-13
(500, 0.3, 0.8, 0.1, 1e-05):1.8452268501987755e-13
(500, 0.4, 0.1, 0.2, 1e-07):5.709709495660211e-15
(500, 0.4, 0.1, 0.2, 0.0001):5.522628352317088e-15
(500, 0.4, 0.1, 0.2, 1e-06):5.592954056463829e-15
(500, 0.4, 0.1, 0.2, 1e-05):5.7777013681601994e-15
(500, 0.4, 0.1, 0.1, 1e-07):5.8119807257429296e-15
(500, 0.4, 0.1, 0.1, 0.0001):5.532527036628064e-15
(500, 0.4, 0.1, 0.1, 1e-06):5.794063324938101e-15
(500, 0.4, 0.1, 0.1, 1e-05):5.8166311074764874e-15
(500, 0.4, 0.5, 0.2, 1e-07):-1.2501917593606304e-13
(500, 0.4, 0.5, 0.2, 0.0001):-1.3431911609378954e-13
(500, 0.4, 0.5, 0.2, 1e-06):-1.2498574962834347e-13
(500, 0.4, 0.5, 0.2, 1e-05):-1.2509658030265276e-13
(500, 0.4, 0.5, 0.5, 1e-07):-1.2726288776920607e-13
(500, 0.4, 0.5, 0.5, 0.0001):-1.3667364374349057e-13
(500, 0.4, 0.5, 0.5, 1e-06):-1.2745494065640818e-13
(500, 0.4, 0.5, 0.5, 1e-05):-1.2748338168229023e-13
(500, 0.4, 0.5, 0.1, 1e-07):-1.2705880552225106e-13
(500, 0.4, 0.5, 0.1, 0.0001):-1.3632355638633009e-13
(500, 0.4, 0.5, 0.1, 1e-06):-1.2709276847355868e-13
(500, 0.4, 0.5, 0.1, 1e-05):-1.2729282020713716e-13
(500, 0.4, 0.5, 0.3, 1e-07):-1.2582934525880306e-13
(500, 0.4, 0.5, 0.3, 0.0001):-1.3497499865756527e-13
(500, 0.4, 0.5, 0.3, 1e-06):-1.2563520333599304e-13
