(10, 0.3, 0.1, 0.2, 1e-07):-3.606130515176347e-17
(10, 0.3, 0.1, 0.2, 0.0001):-4.108748568814343e-12
(10, 0.3, 0.1, 0.5, 1e-07):-7.79296697072496e-17
(10, 0.3, 0.1, 0.5, 0.0001):-2.601606789637874e-12
(10, 0.3, 0.5, 0.2, 1e-07):-2.428238059172948e-17
(10, 0.3, 0.5, 0.2, 0.0001):-3.903553533218435e-12
(10, 0.3, 0.5, 0.5, 1e-07):-4.2000030766136373e-17
(10, 0.3, 0.5, 0.5, 0.0001):-2.3834038677487222e-12
(10, 0.4, 0.1, 0.2, 1e-07):-1.745799365520203e-17
(10, 0.4, 0.1, 0.2, 0.0001):-5.253216736657204e-12
(10, 0.4, 0.1, 0.5, 1e-07):-4.175736412661553e-17
(10, 0.4, 0.1, 0.5, 0.0001):-4.467570101080359e-12
(10, 0.4, 0.5, 0.2, 1e-07):-1.0538931310225488e-17
(10, 0.4, 0.5, 0.2, 0.0001):-5.3113724063351804e-12
(10, 0.4, 0.5, 0.5, 1e-07):-5.038730740607783e-17
(10, 0.4, 0.5, 0.5, 0.0001):-4.239766667974225e-12
(50, 0.3, 0.1, 0.2, 1e-07):-5.025504661967672e-18
(50, 0.3, 0.1, 0.2, 0.0001):-2.595801511269453e-15
(50, 0.3, 0.1, 0.5, 1e-07):-5.233919744054903e-18
(50, 0.3, 0.1, 0.5, 0.0001):-2.4904405706211635e-15
(50, 0.3, 0.5, 0.2, 1e-07):-4.290610124149707e-18
(50, 0.3, 0.5, 0.2, 0.0001):-2.60081007147952e-15
(50, 0.3, 0.5, 0.5, 1e-07):-5.277270526844062e-18
(50, 0.3, 0.5, 0.5, 0.0001):-2.5006171223354635e-15
(50, 0.4, 0.1, 0.2, 1e-07):-1.0572703929174982e-17
(50, 0.4, 0.1, 0.2, 0.0001):-3.940223814911589e-15
(50, 0.4, 0.1, 0.5, 1e-07):-9.484992128987606e-18
(50, 0.4, 0.1, 0.5, 0.0001):-3.721381782934725e-15
(50, 0.4, 0.5, 0.2, 1e-07):-8.955609798581433e-18
(50, 0.4, 0.5, 0.2, 0.0001):-3.943173742704975e-15
(50, 0.4, 0.5, 0.5, 1e-07):-9.945258471095178e-18
(50, 0.4, 0.5, 0.5, 0.0001):-3.735282108104142e-15
(100, 0.1, 0.2, 0.1, 1e-06):-4.245559005866871e-19
(100, 0.1, 0.2, 0.1, 1e-05):-8.49107930724078e-19
(100, 0.1, 0.2, 0.3, 1e-06):-4.071286299122512e-19
(100, 0.1, 0.2, 0.3, 1e-05):-8.840128637137639e-19
(100, 0.1, 0.2, 0.8, 1e-06):-2.385638640023344e-19
(100, 0.1, 0.2, 0.8, 1e-05):-6.517398314942822e-19
(100, 0.1, 0.8, 0.1, 1e-06):-2.965965020860249e-19
(100, 0.1, 0.8, 0.1, 1e-05):-8.491219814422361e-19
(100, 0.1, 0.8, 0.3, 1e-06):-5.290224016040383e-19
(100, 0.1, 0.8, 0.3, 1e-05):-5.755233248426616e-19
(100, 0.1, 0.8, 0.8, 1e-06):1.5101947388479521e-19
(100, 0.1, 0.8, 0.8, 1e-05):-5.808451574491883e-19
(100, 0.2, 0.2, 0.1, 1e-06):-2.561680183477696e-19
(100, 0.2, 0.2, 0.1, 1e-05):-1.1080761419138465e-18
(100, 0.2, 0.2, 0.3, 1e-06):-1.9051418699120491e-19
(100, 0.2, 0.2, 0.3, 1e-05):-8.98988241702087e-19
(100, 0.2, 0.2, 0.8, 1e-06):-6.420048024874274e-19
(100, 0.2, 0.2, 0.8, 1e-05):-1.159206234868393e-18
(100, 0.2, 0.8, 0.1, 1e-06):-7.563598976933727e-19
(100, 0.2, 0.8, 0.1, 1e-05):-1.2624844110581646e-18
(100, 0.2, 0.8, 0.3, 1e-06):-4.581618565875628e-19
(100, 0.2, 0.8, 0.3, 1e-05):-1.178123522522967e-18
(100, 0.2, 0.8, 0.8, 1e-06):-2.3153664528362143e-19
(100, 0.2, 0.8, 0.8, 1e-05):-1.038955024018891e-18
(500, 0.1, 0.2, 0.1, 1e-06):-8.887727512174153e-21
(500, 0.1, 0.2, 0.1, 1e-05):2.0886382663733295e-20
(500, 0.1, 0.2, 0.3, 1e-06):8.886269794308486e-21
(500, 0.1, 0.2, 0.3, 1e-05):3.554510425460252e-21
(500, 0.1, 0.2, 0.8, 1e-06):9.324163513987596e-21
(500, 0.1, 0.2, 0.8, 1e-05):4.8840996105041375e-21
(500, 0.1, 0.8, 0.1, 1e-06):2.176944869648879e-20
(500, 0.1, 0.8, 0.3, 1e-06):-2.266410042399926e-20
(500, 0.1, 0.8, 0.3, 1e-05):-1.4220593843472475e-20
(500, 0.1, 0.8, 0.8, 1e-06):-6.218238301326757e-21
(500, 0.1, 0.8, 0.8, 1e-05):-1.7766375875361025e-21
(500, 0.2, 0.2, 0.1, 1e-06):-6.4089313266841736e-21
(500, 0.2, 0.2, 0.1, 1e-05):5.035274242893937e-21
(500, 0.2, 0.2, 0.3, 1e-06):1.8302555043575084e-20
(500, 0.2, 0.2, 0.3, 1e-05):-1.1439142707984914e-20
(500, 0.2, 0.2, 0.8, 1e-06):8.230566037225287e-21
(500, 0.2, 0.2, 0.8, 1e-05):-9.602182808938068e-21
(500, 0.2, 0.8, 0.1, 1e-06):-5.033726444377147e-21
(500, 0.2, 0.8, 0.1, 1e-05):-2.2880653423087265e-20
(500, 0.2, 0.8, 0.3, 1e-06):-5.032102395999702e-21
(500, 0.2, 0.8, 0.3, 1e-05):3.2023783706896783e-21
(500, 0.2, 0.8, 0.8, 1e-06):1.8292543310671946e-21
(500, 0.2, 0.8, 0.8, 1e-05):-3.4755833478808477e-20
(10, 0.3, 0.1, 0.2, 1e-06):-4.38974357517531e-16
(10, 0.3, 0.1, 0.5, 1e-06):-3.3284920954002247e-16
(10, 0.3, 0.1, 0.1, 1e-07):-3.536191208387057e-17
(10, 0.3, 0.1, 0.1, 0.0001):-4.4768141629078834e-12
(10, 0.3, 0.1, 0.1, 1e-06):-4.783417462594899e-16
(10, 0.3, 0.1, 0.3, 1e-07):-3.81172987101435e-17
(10, 0.3, 0.1, 0.3, 0.0001):-3.733058000045135e-12
(10, 0.3, 0.1, 0.3, 1e-06):-4.1339114788492043e-16
(10, 0.3, 0.1, 0.8, 1e-07):-1.0836467564636822e-16
(10, 0.3, 0.1, 0.8, 0.0001):-2.5168138706428497e-13
(10, 0.3, 0.1, 0.8, 1e-06):-1.385952182461516e-16
(10, 0.3, 0.5, 0.2, 1e-06):-4.103274178941256e-16
(10, 0.3, 0.5, 0.5, 1e-06):-2.834973462073357e-16
(10, 0.3, 0.5, 0.1, 1e-07):-1.3028330225762595e-17
(10, 0.3, 0.5, 0.1, 0.0001):-4.1171192419885075e-12
(10, 0.3, 0.5, 0.1, 1e-06):-4.3340763248836076e-16
(10, 0.3, 0.5, 0.3, 1e-07):-3.282966112594239e-17
(10, 0.3, 0.5, 0.3, 0.0001):-3.555999113091557e-12
(10, 0.3, 0.5, 0.3, 1e-06):-3.763103528424107e-16
(10, 0.3, 0.5, 0.8, 1e-07):-1.2145164756051306e-16
(10, 0.3, 0.5, 0.8, 0.0001):-1.0493553090378677e-12
(10, 0.3, 0.5, 0.8, 1e-06):-2.260445678392552e-16
(10, 0.3, 0.2, 0.2, 1e-07):-8.54544874435412e-18
(10, 0.3, 0.2, 0.2, 0.0001):-4.442348060962267e-12
(10, 0.3, 0.2, 0.2, 1e-06):-4.487409219702656e-16
(10, 0.3, 0.2, 0.5, 1e-07):-2.4725558206085742e-17
(10, 0.3, 0.2, 0.5, 0.0001):-2.590961980811134e-12
(10, 0.3, 0.2, 0.5, 1e-06):-2.8355262620610094e-16
(10, 0.3, 0.2, 0.1, 1e-07):-2.0756619415485536e-17
(10, 0.3, 0.2, 0.1, 0.0001):-4.044137111867961e-12
(10, 0.3, 0.2, 0.1, 1e-06):-4.3013705013364345e-16
(10, 0.3, 0.2, 0.3, 1e-07):-1.015817404632014e-17
(10, 0.3, 0.2, 0.3, 0.0001):-3.952586123507043e-12
(10, 0.3, 0.2, 0.3, 1e-06):-4.075200312633723e-16
(10, 0.3, 0.2, 0.8, 1e-07):-9.478273617883387e-17
(10, 0.3, 0.2, 0.8, 0.0001):-2.1234180577067164e-13
(10, 0.3, 0.2, 0.8, 1e-06):-1.1453993242863781e-16
(10, 0.4, 0.1, 0.2, 1e-06):-5.382906637115124e-16
(10, 0.4, 0.1, 0.5, 1e-06):-4.807331174734352e-16
(10, 0.4, 0.1, 0.1, 1e-07):-4.138103584609068e-17
(10, 0.4, 0.1, 0.1, 0.0001):-5.240356603564471e-12
(10, 0.4, 0.1, 0.1, 1e-06):-5.489861613438935e-16
(10, 0.4, 0.1, 0.3, 1e-07):-2.66005729620623e-17
(10, 0.4, 0.1, 0.3, 0.0001):-5.084346677613758e-12
(10, 0.4, 0.1, 0.3, 1e-06):-5.247423718383796e-16
(10, 0.4, 0.1, 0.8, 1e-07):-4.686430369394053e-17
(10, 0.4, 0.1, 0.8, 0.0001):-3.6098255716003455e-12
(10, 0.4, 0.1, 0.8, 1e-06):-4.1210764788100136e-16
(10, 0.4, 0.5, 0.2, 1e-06):-5.390163338399588e-16
(10, 0.4, 0.5, 0.5, 1e-06):-4.641218164142827e-16
(10, 0.4, 0.5, 0.1, 1e-07):-1.649199444975264e-17
(10, 0.4, 0.5, 0.1, 0.0001):-5.654944489610987e-12
(10, 0.4, 0.5, 0.1, 1e-06):-5.658303496736285e-16
(10, 0.4, 0.5, 0.3, 1e-07):-1.2468478772815013e-17
(10, 0.4, 0.5, 0.3, 0.0001):-5.163688403327648e-12
(10, 0.4, 0.5, 0.3, 1e-06):-5.365547482453084e-16
(10, 0.4, 0.5, 0.8, 1e-07):-3.684519401605098e-17
(10, 0.4, 0.5, 0.8, 0.0001):-3.4140785491016082e-12
(10, 0.4, 0.5, 0.8, 1e-06):-3.7727538139300755e-16
(10, 0.4, 0.2, 0.2, 1e-07):-2.56073468049113e-17
(10, 0.4, 0.2, 0.2, 0.0001):-5.405704822821757e-12
(10, 0.4, 0.2, 0.2, 1e-06):-5.460797495204408e-16
(10, 0.4, 0.2, 0.5, 1e-07):-2.581014745036978e-17
(10, 0.4, 0.2, 0.5, 0.0001):-4.345443977036226e-12
(10, 0.4, 0.2, 0.5, 1e-06):-4.4317829625958855e-16
(10, 0.4, 0.2, 0.1, 1e-07):-1.2639668460852348e-17
(10, 0.4, 0.2, 0.1, 0.0001):-5.623812454296857e-12
(10, 0.4, 0.2, 0.1, 1e-06):-5.74929132099616e-16
(10, 0.4, 0.2, 0.3, 1e-07):-1.9291357422281945e-17
(10, 0.4, 0.2, 0.3, 0.0001):-5.096758659740224e-12
(10, 0.4, 0.2, 0.3, 1e-06):-5.235664660897261e-16
(10, 0.4, 0.2, 0.8, 1e-07):-1.569226955211837e-17
(10, 0.4, 0.2, 0.8, 0.0001):-3.3152209542895125e-12
(10, 0.4, 0.2, 0.8, 1e-06):-3.476328857053393e-16
(50, 0.3, 0.1, 0.2, 1e-06):-5.108726096189375e-18
(50, 0.3, 0.1, 0.5, 1e-06):-4.320043857795121e-18
(50, 0.3, 0.1, 0.1, 1e-07):-5.5249678468899766e-18
(50, 0.3, 0.1, 0.1, 0.0001):-2.6334508143448113e-15
(50, 0.3, 0.1, 0.1, 1e-06):-5.00910017916536e-18
(50, 0.3, 0.1, 0.3, 1e-07):-5.85291079290436e-18
(50, 0.3, 0.1, 0.3, 0.0001):-2.5595790711059824e-15
(50, 0.3, 0.1, 0.3, 1e-06):-5.969414177381907e-18
(50, 0.3, 0.1, 0.8, 1e-07):-4.315660525005316e-18
(50, 0.3, 0.1, 0.8, 0.0001):-2.3990799831752925e-15
(50, 0.3, 0.1, 0.8, 1e-06):-4.780356271842962e-18
(50, 0.3, 0.5, 0.2, 1e-06):-6.552037161017726e-18
(50, 0.3, 0.5, 0.5, 1e-06):-4.812755930418804e-18
(50, 0.3, 0.5, 0.1, 1e-07):-6.0245710245291975e-18
(50, 0.3, 0.5, 0.1, 0.0001):-2.6383298611212013e-15
(50, 0.3, 0.5, 0.1, 1e-06):-5.558738438831015e-18
(50, 0.3, 0.5, 0.3, 1e-07):-6.231898568166428e-18
(50, 0.3, 0.5, 0.3, 0.0001):-2.5657039915462513e-15
(50, 0.3, 0.5, 0.3, 1e-06):-5.966059066443765e-18
(50, 0.3, 0.5, 0.8, 1e-07):-4.241547356991847e-18
(50, 0.3, 0.5, 0.8, 0.0001):-2.411999632596972e-15
(50, 0.3, 0.5, 0.8, 1e-06):-5.3847374719128884e-18
(50, 0.3, 0.2, 0.2, 1e-07):-1.6303264191295363e-18
(50, 0.3, 0.2, 0.2, 0.0001):-2.5916473545603184e-15
(50, 0.3, 0.2, 0.2, 1e-06):-2.99436386677672e-18
(50, 0.3, 0.2, 0.5, 1e-07):-2.0930339100171186e-18
(50, 0.3, 0.2, 0.5, 0.0001):-2.489733664475531e-15
(50, 0.3, 0.2, 0.5, 1e-06):-1.1960310764173922e-18
(50, 0.3, 0.2, 0.1, 1e-07):-2.4137309277359785e-18
(50, 0.3, 0.2, 0.1, 0.0001):-2.630593521836432e-15
(50, 0.3, 0.2, 0.1, 1e-06):-1.481539214413977e-18
(50, 0.3, 0.2, 0.3, 1e-07):-1.7129627290570485e-18
(50, 0.3, 0.2, 0.3, 0.0001):-2.5563944897429778e-15
(50, 0.3, 0.2, 0.3, 1e-06):-1.2639355580404876e-18
(50, 0.3, 0.2, 0.8, 1e-07):-2.7870607610010924e-18
(50, 0.3, 0.2, 0.8, 0.0001):-2.397710648780133e-15
(50, 0.3, 0.2, 0.8, 1e-06):-1.9576933673517285e-18
(50, 0.4, 0.1, 0.2, 1e-06):-1.0630214924649707e-17
(50, 0.4, 0.1, 0.5, 1e-06):-1.0030352509540995e-17
(50, 0.4, 0.1, 0.1, 1e-07):-1.1138628837048637e-17
(50, 0.4, 0.1, 0.1, 0.0001):-4.0191874912743e-15
(50, 0.4, 0.1, 0.1, 1e-06):-1.0692572090805894e-17
(50, 0.4, 0.1, 0.3, 1e-07):-1.004752196763218e-17
(50, 0.4, 0.1, 0.3, 0.0001):-3.865184424948273e-15
(50, 0.4, 0.1, 0.3, 1e-06):-1.0464349716699712e-17
(50, 0.4, 0.1, 0.8, 1e-07):-1.0227703872613728e-17
(50, 0.4, 0.1, 0.8, 0.0001):-3.5340191534172046e-15
(50, 0.4, 0.1, 0.8, 1e-06):-1.097257199774855e-17
(50, 0.4, 0.5, 0.2, 1e-06):-9.631651235523096e-18
(50, 0.4, 0.5, 0.5, 1e-06):-9.644048830080308e-18
(50, 0.4, 0.5, 0.1, 1e-07):-9.727015877856183e-18
(50, 0.4, 0.5, 0.1, 0.0001):-4.0213278501585395e-15
(50, 0.4, 0.5, 0.1, 1e-06):-8.834897007567622e-18
(50, 0.4, 0.5, 0.3, 1e-07):-9.73657858544881e-18
(50, 0.4, 0.5, 0.3, 0.0001):-3.87168230314356e-15
(50, 0.4, 0.5, 0.3, 1e-06):-9.478088186091915e-18
(50, 0.4, 0.5, 0.8, 1e-07):-1.0675190364496841e-17
(50, 0.4, 0.5, 0.8, 0.0001):-3.5502164628263732e-15
(50, 0.4, 0.5, 0.8, 1e-06):-1.1118713868145796e-17
(50, 0.4, 0.2, 0.2, 1e-07):-3.883091573052102e-18
(50, 0.4, 0.2, 0.2, 0.0001):-3.935546877977101e-15
(50, 0.4, 0.2, 0.2, 1e-06):-5.1630354279135205e-18
(50, 0.4, 0.2, 0.5, 1e-07):-4.8198855502461674e-18
(50, 0.4, 0.2, 0.5, 0.0001):-3.719360301635219e-15
(50, 0.4, 0.2, 0.5, 1e-06):-4.5329635654034136e-18
(50, 0.4, 0.2, 0.1, 1e-07):-4.461310990075734e-18
(50, 0.4, 0.2, 0.1, 0.0001):-4.012686980232689e-15
(50, 0.4, 0.2, 0.1, 1e-06):-6.2026644109911475e-18
(50, 0.4, 0.2, 0.3, 1e-07):-4.598794986160602e-18
(50, 0.4, 0.2, 0.3, 0.0001):-3.86019365644783e-15
(50, 0.4, 0.2, 0.3, 1e-06):-5.547260968304978e-18
(50, 0.4, 0.2, 0.8, 1e-07):-4.4678903714848865e-18
(50, 0.4, 0.2, 0.8, 0.0001):-3.529534749082523e-15
(50, 0.4, 0.2, 0.8, 1e-06):-5.441659468721554e-18
(100, 0.3, 0.1, 0.2, 1e-07):-2.0902653546987922e-18
(100, 0.3, 0.1, 0.2, 0.0001):-9.925578598387619e-17
(100, 0.3, 0.1, 0.2, 1e-06):-2.2336930649454306e-18
(100, 0.3, 0.1, 0.5, 1e-07):-2.260975244401481e-18
(100, 0.3, 0.1, 0.5, 0.0001):-9.720113342508434e-17
(100, 0.3, 0.1, 0.5, 1e-06):-1.9438306306347e-18
(100, 0.3, 0.1, 0.1, 1e-07):-2.1579344151311183e-18
(100, 0.3, 0.1, 0.1, 0.0001):-1.0017775199837654e-16
(100, 0.3, 0.1, 0.1, 1e-06):-2.2912200868859433e-18
(100, 0.3, 0.1, 0.3, 1e-07):-1.786918354400011e-18
(100, 0.3, 0.1, 0.3, 0.0001):-9.832771551614251e-17
(100, 0.3, 0.1, 0.3, 1e-06):-2.1658159533146404e-18
(100, 0.3, 0.1, 0.8, 1e-07):-1.7162974743246548e-18
(100, 0.3, 0.1, 0.8, 0.0001):-9.475415693929132e-17
(100, 0.3, 0.1, 0.8, 1e-06):-1.8899726069442566e-18
(100, 0.3, 0.5, 0.2, 1e-07):-2.3916084535002586e-18
(100, 0.3, 0.5, 0.2, 0.0001):-9.961236458775609e-17
(100, 0.3, 0.5, 0.2, 1e-06):-2.2892627877433276e-18
(100, 0.3, 0.5, 0.5, 1e-07):-2.1216065899334614e-18
(100, 0.3, 0.5, 0.5, 0.0001):-9.720522318672571e-17
(100, 0.3, 0.5, 0.5, 1e-06):-2.0753655200124486e-18
(100, 0.3, 0.5, 0.1, 1e-07):-2.019219611574161e-18
(100, 0.3, 0.5, 0.1, 0.0001):-9.989520295855885e-17
(100, 0.3, 0.5, 0.1, 1e-06):-2.3727552829624274e-18
(100, 0.3, 0.5, 0.3, 1e-07):-2.4827571409620723e-18
(100, 0.3, 0.5, 0.3, 0.0001):-9.872725310423519e-17
(100, 0.3, 0.5, 0.3, 1e-06):-2.0783107086997656e-18
(100, 0.3, 0.5, 0.8, 1e-07):-1.4190585697321348e-18
(100, 0.3, 0.5, 0.8, 0.0001):-9.510738934817868e-17
(100, 0.3, 0.5, 0.8, 1e-06):-2.082653768779108e-18
(100, 0.3, 0.2, 0.2, 1e-07):-1.024312780019201e-18
(100, 0.3, 0.2, 0.2, 0.0001):-9.82211661376651e-17
(100, 0.3, 0.2, 0.2, 1e-06):-5.684927745663895e-19
(100, 0.3, 0.2, 0.5, 1e-07):-8.744388603594153e-19
(100, 0.3, 0.2, 0.5, 0.0001):-9.600360781376449e-17
(100, 0.3, 0.2, 0.5, 1e-06):-8.335252294192715e-19
(100, 0.3, 0.2, 0.1, 1e-07):-7.277587223128538e-19
(100, 0.3, 0.2, 0.1, 0.0001):-9.882743096302541e-17
(100, 0.3, 0.2, 0.1, 1e-06):-9.840142875394872e-19
(100, 0.3, 0.2, 0.3, 1e-07):-5.016436248327826e-19
(100, 0.3, 0.2, 0.3, 0.0001):-9.724334504872293e-17
(100, 0.3, 0.2, 0.3, 1e-06):-9.521028625275404e-19
(100, 0.3, 0.2, 0.8, 1e-07):-6.998982299850192e-19
(100, 0.3, 0.2, 0.8, 0.0001):-9.356218248580891e-17
(100, 0.3, 0.2, 0.8, 1e-06):-6.181547397103805e-19
(100, 0.4, 0.1, 0.2, 1e-07):-3.808437548907879e-18
(100, 0.4, 0.1, 0.2, 0.0001):-1.5408303045218471e-16
(100, 0.4, 0.1, 0.2, 1e-06):-3.953459687666331e-18
(100, 0.4, 0.1, 0.5, 1e-07):-4.091006986082291e-18
(100, 0.4, 0.1, 0.5, 0.0001):-1.4960397164296882e-16
(100, 0.4, 0.1, 0.5, 1e-06):-4.0212930350224605e-18
(100, 0.4, 0.1, 0.1, 1e-07):-3.933893083447355e-18
(100, 0.4, 0.1, 0.1, 0.0001):-1.5624345540931445e-16
(100, 0.4, 0.1, 0.1, 1e-06):-4.315461825868675e-18
(100, 0.4, 0.1, 0.3, 1e-07):-3.43082387267932e-18
(100, 0.4, 0.1, 0.3, 0.0001):-1.526046145164488e-16
(100, 0.4, 0.1, 0.3, 1e-06):-3.4093411420157858e-18
(100, 0.4, 0.1, 0.8, 1e-07):-3.7456973364814115e-18
(100, 0.4, 0.1, 0.8, 0.0001):-1.4486247911216846e-16
(100, 0.4, 0.1, 0.8, 1e-06):-3.4246312918119564e-18
(100, 0.4, 0.5, 0.2, 1e-07):-1.9757855693133636e-18
(100, 0.4, 0.5, 0.2, 0.0001):-1.5298930005617858e-16
(100, 0.4, 0.5, 0.2, 1e-06):-2.034851219269577e-18
(100, 0.4, 0.5, 0.5, 1e-07):-2.4597118010531647e-18
(100, 0.4, 0.5, 0.5, 0.0001):-1.4867549632880553e-16
(100, 0.4, 0.5, 0.5, 1e-06):-2.3045390514334643e-18
(100, 0.4, 0.5, 0.1, 1e-07):-2.2463277864031186e-18
(100, 0.4, 0.5, 0.1, 0.0001):-1.5434683726780995e-16
(100, 0.4, 0.5, 0.1, 1e-06):-1.945318967758012e-18
(100, 0.4, 0.5, 0.3, 1e-07):-2.5116249485660798e-18
(100, 0.4, 0.5, 0.3, 0.0001):-1.5146593972652159e-16
(100, 0.4, 0.5, 0.3, 1e-06):-2.0876635405002874e-18
(100, 0.4, 0.5, 0.8, 1e-07):-1.9789586653030523e-18
(100, 0.4, 0.5, 0.8, 0.0001):-1.4423842083082223e-16
(100, 0.4, 0.5, 0.8, 1e-06):-2.342632308143212e-18
(100, 0.4, 0.2, 0.2, 1e-07):-2.3150150044740423e-18
(100, 0.4, 0.2, 0.2, 0.0001):-1.530211804481349e-16
(100, 0.4, 0.2, 0.2, 1e-06):-2.411713750497657e-18
(100, 0.4, 0.2, 0.5, 1e-07):-2.2463446254903773e-18
(100, 0.4, 0.2, 0.5, 0.0001):-1.484354052659478e-16
(100, 0.4, 0.2, 0.5, 1e-06):-2.257065948957872e-18
(100, 0.4, 0.2, 0.1, 1e-07):-2.1983660252417546e-18
(100, 0.4, 0.2, 0.1, 0.0001):-1.546163065326069e-16
(100, 0.4, 0.2, 0.1, 1e-06):-1.940363142689607e-18
(100, 0.4, 0.2, 0.3, 1e-07):-2.0932624166390864e-18
(100, 0.4, 0.2, 0.3, 0.0001):-1.5117085268069517e-16
(100, 0.4, 0.2, 0.3, 1e-06):-2.388474594122485e-18
(100, 0.4, 0.2, 0.8, 1e-07):-1.969355129002465e-18
(100, 0.4, 0.2, 0.8, 0.0001):-1.4385477522940215e-16
(100, 0.4, 0.2, 0.8, 1e-06):-1.846286684606151e-18
(50, 0.1, 0.1, 0.2, 1e-07):-5.873049751687272e-19
(50, 0.1, 0.1, 0.2, 0.0001):-1.8105421802970496e-15
(50, 0.1, 0.1, 0.2, 1e-06):-1.0476352758236366e-18
(50, 0.1, 0.1, 0.5, 1e-07):2.2266201953311703e-19
(50, 0.1, 0.1, 0.5, 0.0001):-1.8031184604145372e-15
(50, 0.1, 0.1, 0.5, 1e-06):-8.429377766952261e-19
(50, 0.1, 0.1, 0.1, 1e-07):-5.54917599755448e-19
(50, 0.1, 0.1, 0.1, 0.0001):-1.8147569108488286e-15
(50, 0.1, 0.1, 0.1, 1e-06):-3.805239789189973e-19
(50, 0.1, 0.1, 0.3, 1e-07):-2.699433764144131e-19
(50, 0.1, 0.1, 0.3, 0.0001):-1.80731662060789e-15
(50, 0.1, 0.1, 0.3, 1e-06):1.5878752479141287e-19
(50, 0.1, 0.1, 0.8, 1e-07):-2.5409856976093228e-18
(50, 0.1, 0.1, 0.8, 0.0001):-1.6849730881080328e-15
(50, 0.1, 0.1, 0.8, 1e-06):-2.19310360295059e-18
(50, 0.1, 0.5, 0.2, 1e-07):-4.761821938026228e-19
(50, 0.1, 0.5, 0.2, 0.0001):-1.8276164712684794e-15
(50, 0.1, 0.5, 0.2, 1e-06):4.2849680325594917e-19
(50, 0.1, 0.5, 0.5, 1e-07):2.0662664749487684e-19
(50, 0.1, 0.5, 0.5, 0.0001):-1.8239947018293896e-15
(50, 0.1, 0.5, 0.5, 1e-06):2.2252415336981676e-19
(50, 0.1, 0.5, 0.1, 1e-07):6.34344698222883e-20
(50, 0.1, 0.5, 0.1, 0.0001):-1.831710375284556e-15
(50, 0.1, 0.5, 0.1, 1e-06):-1.0308234523276928e-18
(50, 0.1, 0.5, 0.3, 1e-07):-3.17604265282332e-20
(50, 0.1, 0.5, 0.3, 0.0001):-1.8261122799184448e-15
(50, 0.1, 0.5, 0.3, 1e-06):-3.9700274694781645e-19
(50, 0.1, 0.5, 0.8, 1e-07):1.5372817463626555e-19
(50, 0.1, 0.5, 0.8, 0.0001):-1.6363772442113378e-15
(50, 0.1, 0.5, 0.8, 1e-06):1.0248443907560887e-19
(50, 0.1, 0.2, 0.2, 1e-07):4.60195799545786e-19
(50, 0.1, 0.2, 0.2, 0.0001):-1.8173917443261497e-15
(50, 0.1, 0.2, 0.2, 1e-06):6.347510605130551e-20
(50, 0.1, 0.2, 0.5, 1e-07):-1.7495364536918987e-19
(50, 0.1, 0.2, 0.5, 0.0001):-1.811103216666363e-15
(50, 0.1, 0.2, 0.5, 1e-06):-5.407777946092623e-19
(50, 0.1, 0.2, 0.1, 1e-07):7.929462530795651e-19
(50, 0.1, 0.2, 0.1, 0.0001):-1.8214824411372212e-15
(50, 0.1, 0.2, 0.1, 1e-06):-2.8546012050209356e-19
(50, 0.1, 0.2, 0.3, 1e-07):6.195836623385665e-19
(50, 0.1, 0.2, 0.3, 0.0001):-1.8149592049400524e-15
(50, 0.1, 0.2, 0.3, 1e-06):-2.541832911999353e-19
(50, 0.1, 0.2, 0.8, 1e-07):-4.162496712773527e-19
(50, 0.1, 0.2, 0.8, 0.0001):-1.801445794443235e-15
(50, 0.1, 0.2, 0.8, 1e-06):-9.605904506889673e-20
(100, 0.1, 0.1, 0.2, 1e-07):-7.266227371593243e-19
(100, 0.1, 0.1, 0.2, 0.0001):-5.875156206033346e-17
(100, 0.1, 0.1, 0.2, 1e-06):-4.1853657829832475e-19
(100, 0.1, 0.1, 0.5, 1e-07):-5.527446040821106e-19
(100, 0.1, 0.1, 0.5, 0.0001):-5.821275199148467e-17
(100, 0.1, 0.1, 0.5, 1e-06):-2.909144768213928e-19
(100, 0.1, 0.1, 0.1, 1e-07):-4.88632511725311e-19
(100, 0.1, 0.1, 0.1, 0.0001):-5.851418715376599e-17
(100, 0.1, 0.1, 0.1, 1e-06):-4.1882416948064384e-19
(100, 0.1, 0.1, 0.3, 1e-07):-5.174818348444394e-19
(100, 0.1, 0.1, 0.3, 0.0001):-5.820230545599836e-17
(100, 0.1, 0.1, 0.3, 1e-06):-6.570362156437987e-19
(100, 0.1, 0.1, 0.8, 1e-07):-5.643186114414617e-19
(100, 0.1, 0.1, 0.8, 0.0001):-5.768818432284489e-17
(100, 0.1, 0.1, 0.8, 1e-06):-5.875887970964916e-19
(100, 0.1, 0.5, 0.2, 1e-07):-5.351689951444959e-19
(100, 0.1, 0.5, 0.2, 0.0001):-5.825762727106117e-17
(100, 0.1, 0.5, 0.2, 1e-06):-3.0830322397458764e-19
(100, 0.1, 0.5, 0.5, 1e-07):-4.419014452906785e-19
(100, 0.1, 0.5, 0.5, 0.0001):-5.842478055713506e-17
(100, 0.1, 0.5, 0.5, 1e-06):-5.233119613247923e-20
(100, 0.1, 0.5, 0.1, 1e-07):-3.431645221450047e-19
(100, 0.1, 0.5, 0.1, 0.0001):-5.867616274534028e-17
(100, 0.1, 0.5, 0.1, 1e-06):-2.1520571670753294e-19
(100, 0.1, 0.5, 0.3, 1e-07):-8.722738869288631e-20
(100, 0.1, 0.5, 0.3, 0.0001):-5.842281815261334e-17
(100, 0.1, 0.5, 0.3, 1e-06):-3.4889387963630626e-20
(100, 0.1, 0.5, 0.8, 1e-07):-3.314501077439128e-19
(100, 0.1, 0.5, 0.8, 0.0001):-5.773021565729229e-17
(100, 0.1, 0.5, 0.8, 1e-06):1.628171306269812e-19
(100, 0.1, 0.2, 0.2, 1e-07):-2.0932507289843277e-19
(100, 0.1, 0.2, 0.2, 0.0001):-5.86485528584671e-17
(100, 0.1, 0.2, 0.2, 1e-06):-4.1868508965596823e-19
(100, 0.1, 0.2, 0.5, 1e-07):-3.7222190667123514e-19
(100, 0.1, 0.2, 0.5, 0.0001):-5.795677193540992e-17
(100, 0.1, 0.2, 0.5, 1e-06):-6.629787285878523e-19
(100, 0.1, 0.2, 0.1, 1e-07):-3.1987166955202006e-19
(100, 0.1, 0.2, 0.1, 0.0001):-5.853094661815653e-17
(100, 0.1, 0.2, 0.3, 1e-07):-4.478135341418736e-19
(100, 0.1, 0.2, 0.3, 0.0001):-5.821619130401133e-17
(100, 0.1, 0.2, 0.8, 1e-07):-4.654970288423769e-19
(100, 0.1, 0.2, 0.8, 0.0001):-5.800097135516093e-17
(10, 0.3, 0.8, 0.2, 1e-07):-1.7172273643846046e-17
(10, 0.3, 0.8, 0.2, 0.0001):-3.926695899265627e-12
(10, 0.3, 0.8, 0.2, 1e-06):-4.175965216448592e-16
(10, 0.3, 0.8, 0.5, 1e-07):-2.5268267267283826e-17
(10, 0.3, 0.8, 0.5, 0.0001):-2.4050246700372145e-12
(10, 0.3, 0.8, 0.5, 1e-06):-2.5789279161487013e-16
(10, 0.3, 0.8, 0.1, 1e-07):4.610114759560001e-18
(10, 0.3, 0.8, 0.1, 0.0001):-4.260846443438366e-12
(10, 0.3, 0.8, 0.1, 1e-06):-4.3621554478581295e-16
(10, 0.3, 0.8, 0.3, 1e-07):-1.823937165115641e-17
(10, 0.3, 0.8, 0.3, 0.0001):-3.4183267997737126e-12
(10, 0.3, 0.8, 0.3, 1e-06):-3.451115538684712e-16
(10, 0.4, 0.8, 0.2, 1e-07):1.87951479218268e-19
(10, 0.4, 0.8, 0.2, 0.0001):-5.390494651861003e-12
(10, 0.4, 0.8, 0.2, 1e-06):-5.255193932188759e-16
(10, 0.4, 0.8, 0.5, 1e-07):1.4596732251530807e-17
(10, 0.4, 0.8, 0.5, 0.0001):-4.142619235625344e-12
(10, 0.4, 0.8, 0.5, 1e-06):-4.0627711190381915e-16
(10, 0.4, 0.8, 0.1, 1e-07):6.0218075178664854e-18
(10, 0.4, 0.8, 0.1, 0.0001):-5.694571746483605e-12
(10, 0.4, 0.8, 0.1, 1e-06):-5.591710039317427e-16
(10, 0.4, 0.8, 0.3, 1e-07):5.372068189609782e-18
(10, 0.4, 0.8, 0.3, 0.0001):-5.279887702991165e-12
(10, 0.4, 0.8, 0.3, 1e-06):-5.127328775696652e-16
(10, 0.4, 0.8, 0.8, 1e-07):-2.0398200518525034e-17
(10, 0.4, 0.8, 0.8, 0.0001):-3.714785664956284e-12
(10, 0.4, 0.8, 0.8, 1e-06):-3.854060680934267e-16
(50, 0.3, 0.8, 0.2, 1e-07):-1.196544444823443e-18
(50, 0.3, 0.8, 0.2, 0.0001):-2.60428139934709e-15
(50, 0.3, 0.8, 0.2, 1e-06):-2.0773167836266787e-18
(50, 0.3, 0.8, 0.5, 1e-07):-3.909259714857238e-18
(50, 0.3, 0.8, 0.5, 0.0001):-2.5101873849002485e-15
(50, 0.3, 0.8, 0.5, 1e-06):-3.445656457531535e-18
(50, 0.3, 0.8, 0.1, 1e-07):-2.861168474799874e-18
(50, 0.3, 0.8, 0.1, 0.0001):-2.6386798367890763e-15
(50, 0.3, 0.8, 0.1, 1e-06):-3.493280138274443e-18
(50, 0.3, 0.8, 0.3, 1e-07):-2.4400812459517123e-18
(50, 0.3, 0.8, 0.3, 0.0001):-2.5715966442868887e-15
(50, 0.3, 0.8, 0.3, 1e-06):-4.332389354520542e-18
(50, 0.3, 0.8, 0.8, 1e-07):-1.6018921033396467e-18
(50, 0.3, 0.8, 0.8, 0.0001):-2.4247899527582617e-15
(50, 0.3, 0.8, 0.8, 1e-06):-2.6092820140313634e-18
(50, 0.4, 0.8, 0.2, 1e-07):-7.598686893620672e-18
(50, 0.4, 0.8, 0.2, 0.0001):-3.951272664353621e-15
(50, 0.4, 0.8, 0.2, 1e-06):-7.871608383778423e-18
(50, 0.4, 0.8, 0.5, 1e-07):-5.163507634516706e-18
(50, 0.4, 0.8, 0.5, 0.0001):-3.751914435543486e-15
(50, 0.4, 0.8, 0.5, 1e-06):-7.223057678331014e-18
(50, 0.4, 0.8, 0.1, 1e-07):-6.8039126223302126e-18
(50, 0.4, 0.8, 0.1, 0.0001):-4.02470368305646e-15
(50, 0.4, 0.8, 0.1, 1e-06):-8.357472321036873e-18
(50, 0.4, 0.8, 0.3, 1e-07):-6.225261368560241e-18
(50, 0.4, 0.8, 0.3, 0.0001):-3.880219280137596e-15
(50, 0.4, 0.8, 0.3, 1e-06):-6.311330709943343e-18
(50, 0.4, 0.8, 0.8, 1e-07):-6.326770844477604e-18
(50, 0.4, 0.8, 0.8, 0.0001):-3.571929752139809e-15
(50, 0.4, 0.8, 0.8, 1e-06):-5.500307988705828e-18
(50, 0.1, 0.8, 0.2, 1e-07):-1.9032560354037258e-19
(50, 0.1, 0.8, 0.2, 0.0001):-1.8325956500916576e-15
(50, 0.1, 0.8, 0.2, 1e-06):-8.406038769437844e-19
(50, 0.1, 0.8, 0.5, 1e-07):-9.362913946549576e-19
(50, 0.1, 0.8, 0.5, 0.0001):-1.832024821733566e-15
(50, 0.1, 0.8, 0.5, 1e-06):-1.063246223639293e-18
(50, 0.1, 0.8, 0.1, 1e-07):-9.989474394925182e-19
(50, 0.1, 0.8, 0.1, 0.0001):-1.8343179958085893e-15
(50, 0.1, 0.8, 0.1, 1e-06):-1.4270614998621818e-18
(50, 0.1, 0.8, 0.3, 1e-07):6.503459741342683e-19
(50, 0.1, 0.8, 0.3, 0.0001):-1.8315490993895863e-15
(50, 0.1, 0.8, 0.3, 1e-06):-5.710353579847819e-19
(50, 0.1, 0.8, 0.8, 1e-07):1.1799894167219788e-18
(50, 0.1, 0.8, 0.8, 0.0001):-1.8274853721883562e-15
(50, 0.1, 0.8, 0.8, 1e-06):-3.189159346300219e-19
(100, 0.3, 0.8, 0.2, 1e-07):-8.908635798470453e-19
(100, 0.3, 0.8, 0.2, 0.0001):-9.849648463365522e-17
(100, 0.3, 0.8, 0.2, 1e-06):-9.215837431086639e-19
(100, 0.3, 0.8, 0.5, 1e-07):-1.0220354869803415e-18
(100, 0.3, 0.8, 0.5, 0.0001):-9.668198652148885e-17
(100, 0.3, 0.8, 0.5, 1e-06):-1.1396004646009466e-18
(100, 0.3, 0.8, 0.1, 1e-07):-9.01815463237128e-19
(100, 0.3, 0.8, 0.1, 0.0001):-9.923555624598509e-17
(100, 0.3, 0.8, 0.1, 1e-06):-1.5730531488264142e-18
(100, 0.3, 0.8, 0.3, 1e-07):-1.054001348099857e-18
(100, 0.3, 0.8, 0.3, 0.0001):-9.75413980328803e-17
(100, 0.3, 0.8, 0.3, 1e-06):-8.339957106981289e-19
(100, 0.3, 0.8, 0.8, 1e-07):-1.1625167313506627e-18
(100, 0.3, 0.8, 0.8, 0.0001):-9.474503018053647e-17
(100, 0.3, 0.8, 0.8, 1e-06):-9.27972362998114e-19
(100, 0.4, 0.8, 0.2, 1e-07):-2.303274764168618e-18
(100, 0.4, 0.8, 0.2, 0.0001):-1.53594394042226e-16
(100, 0.4, 0.8, 0.2, 1e-06):-2.23884876616035e-18
(100, 0.4, 0.8, 0.5, 1e-07):-2.050834811952887e-18
(100, 0.4, 0.8, 0.5, 0.0001):-1.4901360933381882e-16
(100, 0.4, 0.8, 0.5, 1e-06):-2.414983811755718e-18
(100, 0.4, 0.8, 0.1, 1e-07):-2.4124782984721256e-18
(100, 0.4, 0.8, 0.1, 0.0001):-1.5468242747860692e-16
(100, 0.4, 0.8, 0.1, 1e-06):-2.7348511467054e-18
(100, 0.4, 0.8, 0.3, 1e-07):-2.5315862645305508e-18
(100, 0.4, 0.8, 0.3, 0.0001):-1.5214641162650595e-16
(100, 0.4, 0.8, 0.3, 1e-06):-2.2845179131482194e-18
(100, 0.4, 0.8, 0.8, 1e-07):-2.5377709203604333e-18
(100, 0.4, 0.8, 0.8, 0.0001):-1.4477573309306517e-16
(100, 0.4, 0.8, 0.8, 1e-06):-2.361468374196971e-18
(100, 0.1, 0.8, 0.2, 1e-07):-1.453659871950605e-19
(100, 0.1, 0.8, 0.2, 0.0001):-5.874513945714336e-17
(100, 0.1, 0.8, 0.2, 1e-06):6.396095750868747e-20
(100, 0.1, 0.8, 0.5, 1e-07):-4.0679612304275134e-19
(100, 0.1, 0.8, 0.5, 0.0001):-5.79334267212841e-17
(100, 0.1, 0.8, 0.5, 1e-06):2.3245560886892083e-19
(100, 0.1, 0.8, 0.1, 1e-07):-1.51205327580123e-19
(100, 0.1, 0.8, 0.1, 0.0001):-5.903410090396154e-17
(100, 0.1, 0.8, 0.3, 1e-07):-2.3253481640727593e-20
(100, 0.1, 0.8, 0.3, 0.0001):-5.874395577640798e-17
(100, 0.1, 0.8, 0.8, 1e-07):3.7754857495170783e-19
(100, 0.1, 0.8, 0.8, 0.0001):-5.78870196468679e-17
(10, 0.3, 0.1, 0.2, 1e-05):-7.322324926804599e-14
(10, 0.3, 0.1, 0.5, 1e-05):-6.44387169070409e-14
(10, 0.3, 0.1, 0.3, 1e-05):-6.999523788572703e-14
(10, 0.3, 0.1, 0.8, 1e-05):-5.984162750996127e-14
(10, 0.3, 0.5, 0.2, 1e-05):-7.423053865620594e-14
(10, 0.3, 0.5, 0.5, 1e-05):-6.614791499348267e-14
(10, 0.3, 0.5, 0.3, 1e-05):-7.130828281518636e-14
(10, 0.3, 0.5, 0.8, 1e-05):-5.965344099736495e-14
(10, 0.3, 0.2, 0.2, 1e-05):-7.335207295928793e-14
(10, 0.3, 0.2, 0.5, 1e-05):-6.462363320706993e-14
(10, 0.3, 0.2, 0.3, 1e-05):-7.008582968787272e-14
(10, 0.3, 0.2, 0.8, 1e-05):-6.00321712116142e-14
(10, 0.3, 0.8, 0.2, 1e-05):-7.576596922265046e-14
(10, 0.3, 0.8, 0.5, 1e-05):-6.894926941918332e-14
(10, 0.3, 0.8, 0.3, 1e-05):-7.336932565383857e-14
(10, 0.3, 0.8, 0.8, 1e-07):-3.991261917585823e-18
(10, 0.3, 0.8, 0.8, 1e-06):-6.306192198945836e-16
(10, 0.3, 0.8, 0.8, 1e-05):-6.306705174574088e-14
(10, 0.4, 0.1, 0.2, 1e-05):-9.120916762683915e-14
(10, 0.4, 0.1, 0.5, 1e-05):-7.615666395645462e-14
(10, 0.4, 0.1, 0.3, 1e-05):-8.553652322042083e-14
(10, 0.4, 0.1, 0.8, 1e-05):-6.858412347098899e-14
(10, 0.4, 0.5, 0.2, 1e-05):-9.268580829084172e-14
(10, 0.4, 0.5, 0.5, 1e-05):-7.844009561797742e-14
(10, 0.4, 0.5, 0.3, 1e-05):-8.738705181462153e-14
(10, 0.4, 0.5, 0.8, 1e-05):-6.790113972295511e-14
(10, 0.4, 0.2, 0.2, 1e-05):-9.132750625898813e-14
(10, 0.4, 0.2, 0.5, 1e-05):-7.635431985166746e-14
(10, 0.4, 0.2, 0.3, 1e-05):-8.572468250327948e-14
(10, 0.4, 0.2, 0.8, 1e-05):-6.881414687104499e-14
(10, 0.4, 0.8, 0.2, 1e-05):-9.495257389172419e-14
(10, 0.4, 0.8, 0.5, 1e-05):-8.22975583709978e-14
(10, 0.4, 0.8, 0.3, 1e-05):-9.038021387914929e-14
(10, 0.4, 0.8, 0.8, 1e-05):-7.224292973693944e-14
(10, 0.2, 0.1, 0.2, 1e-07):-4.6069829929986883e-17
(10, 0.2, 0.1, 0.2, 1e-06):-6.518896808306708e-16
(10, 0.2, 0.1, 0.2, 1e-05):-6.210128584685072e-14
(10, 0.2, 0.1, 0.5, 1e-07):-3.857393781092705e-17
(10, 0.2, 0.1, 0.5, 1e-06):-5.959038498760802e-16
(10, 0.2, 0.1, 0.5, 1e-05):-5.690688186363094e-14
(10, 0.2, 0.1, 0.3, 1e-07):-2.4794958430466648e-17
(10, 0.2, 0.1, 0.3, 1e-06):-6.253027099525332e-16
(10, 0.2, 0.1, 0.3, 1e-05):-6.020607727688359e-14
(10, 0.2, 0.1, 0.8, 1e-07):-4.140335504870968e-17
(10, 0.2, 0.1, 0.8, 1e-06):-5.847247202699291e-16
(10, 0.2, 0.1, 0.8, 1e-05):-5.498126913417704e-14
(10, 0.2, 0.5, 0.2, 1e-07):-2.5758257692471483e-17
(10, 0.2, 0.5, 0.2, 1e-06):-6.562288255962015e-16
(10, 0.2, 0.5, 0.2, 1e-05):-6.287869159347648e-14
(10, 0.2, 0.5, 0.5, 1e-07):-5.576961033671389e-17
(10, 0.2, 0.5, 0.5, 1e-06):-6.28467156228215e-16
(10, 0.2, 0.5, 0.5, 1e-05):-5.827220272194827e-14
(10, 0.2, 0.5, 0.3, 1e-07):-4.177110190426168e-17
(10, 0.2, 0.5, 0.3, 1e-06):-6.472514539820749e-16
(10, 0.2, 0.5, 0.3, 1e-05):-6.12449329602862e-14
(10, 0.2, 0.5, 0.8, 1e-07):-5.678107980184725e-17
(10, 0.2, 0.5, 0.8, 1e-06):-5.929030318675061e-16
(10, 0.2, 0.5, 0.8, 1e-05):-5.422466168379078e-14
(10, 0.2, 0.2, 0.2, 1e-07):-2.667841837436909e-17
(10, 0.2, 0.2, 0.2, 1e-06):-6.531205243946267e-16
(10, 0.2, 0.2, 0.2, 1e-05):-6.223401940849562e-14
(10, 0.2, 0.2, 0.5, 1e-07):-3.003742869020387e-17
(10, 0.2, 0.2, 0.5, 1e-06):-6.046494290682083e-16
(10, 0.2, 0.2, 0.5, 1e-05):-5.708575601264781e-14
(10, 0.2, 0.2, 0.3, 1e-07):-3.9735571832261256e-17
(10, 0.2, 0.2, 0.3, 1e-06):-6.359648046742239e-16
(10, 0.2, 0.2, 0.3, 1e-05):-6.037216971504462e-14
(10, 0.2, 0.2, 0.8, 1e-07):-4.8862348992664606e-17
(10, 0.2, 0.2, 0.8, 1e-06):-5.634990571820786e-16
(10, 0.2, 0.2, 0.8, 1e-05):-5.2737920283734594e-14
(10, 0.2, 0.8, 0.2, 1e-07):-3.548393147058375e-18
(10, 0.2, 0.8, 0.2, 1e-06):-6.417780818422825e-16
(10, 0.2, 0.8, 0.2, 1e-05):-6.393484886810906e-14
(10, 0.2, 0.8, 0.5, 1e-07):-9.715442125733744e-18
(10, 0.2, 0.8, 0.5, 1e-06):-6.015480488669591e-16
(10, 0.2, 0.8, 0.5, 1e-05):-6.045257715756013e-14
(10, 0.2, 0.8, 0.3, 1e-07):-8.352182965965239e-18
(10, 0.2, 0.8, 0.3, 1e-06):-6.224490379533047e-16
(10, 0.2, 0.8, 0.3, 1e-05):-6.276319268068823e-14
(10, 0.2, 0.8, 0.8, 1e-07):2.0370090870448217e-17
(10, 0.2, 0.8, 0.8, 1e-06):-5.591386628793215e-16
(10, 0.2, 0.8, 0.8, 1e-05):-5.706783746907762e-14
(50, 0.3, 0.1, 0.2, 1e-05):-5.0939912280066096e-17
(50, 0.3, 0.1, 0.5, 1e-05):-4.85361241327775e-17
(50, 0.3, 0.1, 0.3, 1e-05):-5.039369602676945e-17
(50, 0.3, 0.1, 0.8, 1e-05):-4.9092775299029133e-17
(50, 0.3, 0.5, 0.2, 1e-05):-4.84133096970227e-17
(50, 0.3, 0.5, 0.5, 1e-05):-4.834500305566979e-17
(50, 0.3, 0.5, 0.3, 1e-05):-4.9872637896176334e-17
(50, 0.3, 0.5, 0.8, 1e-05):-4.906630896162289e-17
(50, 0.3, 0.2, 0.2, 1e-05):-4.557900136197175e-17
(50, 0.3, 0.2, 0.5, 1e-05):-4.439715609498156e-17
(50, 0.3, 0.2, 0.3, 1e-05):-4.4614011143721193e-17
(50, 0.3, 0.2, 0.8, 1e-05):-4.4598505078787376e-17
(50, 0.3, 0.8, 0.2, 1e-05):-4.785828315237403e-17
(50, 0.3, 0.8, 0.5, 1e-05):-4.542365321775374e-17
(50, 0.3, 0.8, 0.3, 1e-05):-4.6659416467542764e-17
(50, 0.3, 0.8, 0.8, 1e-05):-4.3674448431840456e-17
(50, 0.4, 0.1, 0.2, 1e-05):-8.991408001049289e-17
(50, 0.4, 0.1, 0.5, 1e-05):-8.61126311895107e-17
(50, 0.4, 0.1, 0.3, 1e-05):-8.854969557547097e-17
(50, 0.4, 0.1, 0.8, 1e-05):-8.426878163078503e-17
(50, 0.4, 0.5, 0.2, 1e-05):-7.501483734435016e-17
(50, 0.4, 0.5, 0.5, 1e-05):-7.46463117389203e-17
(50, 0.4, 0.5, 0.3, 1e-05):-7.622885970500062e-17
(50, 0.4, 0.5, 0.8, 1e-05):-7.162048994642659e-17
(50, 0.4, 0.2, 0.2, 1e-05):-8.28118373072228e-17
(50, 0.4, 0.2, 0.5, 1e-05):-7.96065004407782e-17
(50, 0.4, 0.2, 0.3, 1e-05):-8.199780056873497e-17
(50, 0.4, 0.2, 0.8, 1e-05):-7.75879800962726e-17
(50, 0.4, 0.8, 0.2, 1e-05):-8.385530991982866e-17
(50, 0.4, 0.8, 0.5, 1e-05):-8.30496417783168e-17
(50, 0.4, 0.8, 0.3, 1e-05):-8.224757214021457e-17
(50, 0.4, 0.8, 0.8, 1e-05):-7.765449475145682e-17
(50, 0.2, 0.1, 0.2, 1e-07):-5.5630226643931724e-18
(50, 0.2, 0.1, 0.2, 1e-06):-5.563056433195238e-18
(50, 0.2, 0.1, 0.2, 1e-05):-3.065523451254806e-17
(50, 0.2, 0.1, 0.5, 1e-07):-4.474786374516493e-18
(50, 0.2, 0.1, 0.5, 1e-06):-4.740890806829849e-18
(50, 0.2, 0.1, 0.5, 1e-05):-2.9410492297879166e-17
(50, 0.2, 0.1, 0.3, 1e-07):-4.636281588271709e-18
(50, 0.2, 0.1, 0.3, 1e-06):-5.450532800988394e-18
(50, 0.2, 0.1, 0.3, 1e-05):-3.07922218655469e-17
(50, 0.2, 0.1, 0.8, 1e-07):-5.03156135060756e-18
(50, 0.2, 0.1, 0.8, 1e-06):-5.2647911899842804e-18
(50, 0.2, 0.1, 0.8, 1e-05):-2.978929676572316e-17
(50, 0.2, 0.5, 0.2, 1e-07):-5.328640801857732e-18
(50, 0.2, 0.5, 0.2, 1e-06):-5.7269699565909e-18
(50, 0.2, 0.5, 0.2, 1e-05):-3.014578111944593e-17
(50, 0.2, 0.5, 0.5, 1e-07):-6.263420740710758e-18
(50, 0.2, 0.5, 0.5, 1e-06):-6.828292482889507e-18
(50, 0.2, 0.5, 0.5, 1e-05):-3.133636281741511e-17
(50, 0.2, 0.5, 0.3, 1e-07):-6.260390604744622e-18
(50, 0.2, 0.5, 0.3, 1e-06):-6.3112293050021256e-18
(50, 0.2, 0.5, 0.3, 1e-05):-3.163422619850943e-17
(50, 0.2, 0.5, 0.8, 1e-07):-5.4395119849497686e-18
(50, 0.2, 0.5, 0.8, 1e-06):-6.620571735326315e-18
(50, 0.2, 0.5, 0.8, 1e-05):-3.180535139480567e-17
(50, 0.2, 0.2, 0.2, 1e-07):-2.2252651621954094e-18
(50, 0.2, 0.2, 0.2, 1e-06):-1.2122181584934451e-18
(50, 0.2, 0.2, 0.2, 1e-05):-2.6454115966666627e-17
(50, 0.2, 0.2, 0.5, 1e-07):-1.430721272999788e-18
(50, 0.2, 0.2, 0.5, 1e-06):-2.4788009602313614e-18
(50, 0.2, 0.2, 0.5, 1e-05):-2.708392610844389e-17
(50, 0.2, 0.2, 0.3, 1e-07):-1.744226647076155e-18
(50, 0.2, 0.2, 0.3, 1e-06):-1.5946949150291241e-18
(50, 0.2, 0.2, 0.3, 1e-05):-2.707690877983653e-17
(50, 0.2, 0.2, 0.8, 1e-07):-2.4990932230225077e-18
(50, 0.2, 0.2, 0.8, 1e-06):-3.548826145351229e-18
(50, 0.2, 0.2, 0.8, 1e-05):-2.778986510055594e-17
(50, 0.2, 0.8, 0.2, 1e-07):-2.736998788474662e-18
(50, 0.2, 0.8, 0.2, 1e-06):-2.6872335117534078e-18
(50, 0.2, 0.8, 0.2, 1e-05):-2.9128236419274576e-17
(50, 0.2, 0.8, 0.5, 1e-07):-2.3718141687494945e-18
(50, 0.2, 0.8, 0.5, 1e-06):-3.4664922558219348e-18
(50, 0.2, 0.8, 0.5, 1e-05):-2.7698827483378717e-17
(50, 0.2, 0.8, 0.3, 1e-07):-3.284311224677461e-18
(50, 0.2, 0.8, 0.3, 1e-06):-3.3008885602160152e-18
(50, 0.2, 0.8, 0.3, 1e-05):-2.7799617671282266e-17
(50, 0.2, 0.8, 0.8, 1e-07):-2.4878150710118778e-18
(50, 0.2, 0.8, 0.8, 1e-06):-2.6536581458259886e-18
(50, 0.2, 0.8, 0.8, 1e-05):-2.7481997696463722e-17
(100, 0.3, 0.1, 0.2, 1e-05):-4.4878563580944436e-18
(100, 0.3, 0.1, 0.5, 1e-05):-4.826915960233333e-18
(100, 0.3, 0.1, 0.3, 1e-05):-4.621157741800409e-18
(100, 0.3, 0.1, 0.8, 1e-05):-4.640781562652418e-18
(100, 0.3, 0.5, 0.2, 1e-05):-3.3556904011892873e-18
(100, 0.3, 0.5, 0.5, 1e-05):-3.8536923293078585e-18
(100, 0.3, 0.5, 0.3, 1e-05):-3.902231429623323e-18
(100, 0.3, 0.5, 0.8, 1e-05):-3.9317153007200895e-18
(100, 0.3, 0.2, 0.2, 1e-05):-3.3303939399947605e-18
(100, 0.3, 0.2, 0.5, 1e-05):-3.0328703925862444e-18
(100, 0.3, 0.2, 0.3, 1e-05):-2.841533095364119e-18
(100, 0.3, 0.2, 0.8, 1e-05):-3.0961484751397645e-18
(100, 0.3, 0.8, 0.2, 1e-05):-3.334784017435131e-18
(100, 0.3, 0.8, 0.5, 1e-05):-3.8134440661061804e-18
(100, 0.3, 0.8, 0.3, 1e-05):-4.208099265820513e-18
(100, 0.3, 0.8, 0.8, 1e-05):-2.9847987687641886e-18
(100, 0.4, 0.1, 0.2, 1e-05):-8.815633665563377e-18
(100, 0.4, 0.1, 0.5, 1e-05):-8.433658239104488e-18
(100, 0.4, 0.1, 0.3, 1e-05):-8.565880267408298e-18
(100, 0.4, 0.1, 0.8, 1e-05):-8.492659793258367e-18
(100, 0.4, 0.5, 0.2, 1e-05):-4.915257155419849e-18
(100, 0.4, 0.5, 0.5, 1e-05):-4.635045950465633e-18
(100, 0.4, 0.5, 0.3, 1e-05):-4.603492825049128e-18
(100, 0.4, 0.5, 0.8, 1e-05):-4.187783409620087e-18
(100, 0.4, 0.2, 0.2, 1e-05):-6.653114243674119e-18
(100, 0.4, 0.2, 0.5, 1e-05):-6.619834134704226e-18
(100, 0.4, 0.2, 0.3, 1e-05):-6.971836171868247e-18
(100, 0.4, 0.2, 0.8, 1e-05):-6.4361467496082835e-18
(100, 0.4, 0.8, 0.2, 1e-05):-6.758171927982074e-18
(100, 0.4, 0.8, 0.5, 1e-05):-6.903624653459925e-18
(100, 0.4, 0.8, 0.3, 1e-05):-5.983813290257757e-18
(100, 0.4, 0.8, 0.8, 1e-05):-6.6769920061679594e-18
(100, 0.2, 0.1, 0.2, 1e-07):-1.4268710520799335e-18
(100, 0.2, 0.1, 0.2, 1e-06):-1.8050159110931838e-18
(100, 0.2, 0.1, 0.2, 1e-05):-2.127687335922474e-18
(100, 0.2, 0.1, 0.5, 1e-07):-1.3315985457116486e-18
(100, 0.2, 0.1, 0.5, 1e-06):-1.2912565502125234e-18
(100, 0.2, 0.1, 0.5, 1e-05):-2.0528919921053945e-18
(100, 0.2, 0.1, 0.3, 1e-07):-1.6037073054877204e-18
(100, 0.2, 0.1, 0.3, 1e-06):-1.7247467478228874e-18
(100, 0.2, 0.1, 0.3, 1e-05):-2.3652244817543644e-18
(100, 0.2, 0.1, 0.8, 1e-07):-1.5290695797613258e-18
(100, 0.2, 0.1, 0.8, 1e-06):-1.5341059886872847e-18
(100, 0.2, 0.1, 0.8, 1e-05):-2.2406127379798165e-18
(100, 0.2, 0.5, 0.2, 1e-07):-1.446493050436216e-18
(100, 0.2, 0.5, 0.2, 1e-06):-1.3962148407248166e-18
(100, 0.2, 0.5, 0.2, 1e-05):-2.5609500214502014e-18
(100, 0.2, 0.5, 0.5, 1e-07):-1.6539251764624042e-18
(100, 0.2, 0.5, 0.5, 1e-06):-1.6134117682433322e-18
(100, 0.2, 0.5, 0.5, 1e-05):-2.682592845641307e-18
(100, 0.2, 0.5, 0.3, 1e-07):-1.9918083419276934e-18
(100, 0.2, 0.5, 0.3, 1e-06):-1.694215019494981e-18
(100, 0.2, 0.5, 0.3, 1e-05):-2.5917156516336795e-18
(100, 0.2, 0.5, 0.8, 1e-07):-1.856080290969803e-18
(100, 0.2, 0.5, 0.8, 1e-06):-1.8609708450933865e-18
(100, 0.2, 0.5, 0.8, 1e-05):-2.1937452231950014e-18
(100, 0.2, 0.2, 0.2, 1e-07):-4.33683934742742e-19
(100, 0.2, 0.2, 0.2, 1e-06):-3.6308523548632e-19
(100, 0.2, 0.2, 0.2, 1e-05):-1.2001952641197535e-18
(100, 0.2, 0.2, 0.5, 1e-07):-6.054268039241586e-19
(100, 0.2, 0.2, 0.5, 1e-06):-8.576861861202298e-20
(100, 0.2, 0.2, 0.5, 1e-05):-1.7355492349852737e-18
(100, 0.2, 0.2, 0.3, 1e-07):-5.598147665771875e-19
(100, 0.2, 0.2, 0.8, 1e-07):-5.752140038522369e-19
(100, 0.2, 0.8, 0.2, 1e-07):-8.619580903097872e-19
(100, 0.2, 0.8, 0.2, 1e-06):-9.829382354223456e-19
(100, 0.2, 0.8, 0.2, 1e-05):-1.0887886890706448e-18
(100, 0.2, 0.8, 0.5, 1e-07):-1.0683908295671434e-18
(100, 0.2, 0.8, 0.5, 1e-06):-1.2901416817204876e-18
(100, 0.2, 0.8, 0.5, 1e-05):-2.1871901542801496e-18
(100, 0.2, 0.8, 0.3, 1e-07):-1.5673583772487483e-18
(100, 0.2, 0.8, 0.8, 1e-07):-6.499369176177075e-19
(500, 0.3, 0.1, 0.2, 1e-07):-1.633122392826199e-19
(500, 0.3, 0.1, 0.2, 1e-06):-1.8832442304130418e-19
(500, 0.3, 0.1, 0.2, 1e-05):-1.4761864535453846e-19
(500, 0.3, 0.1, 0.5, 1e-07):-1.5986621312515027e-19
(500, 0.3, 0.1, 0.5, 1e-06):-1.4368346074833918e-19
(500, 0.3, 0.1, 0.5, 1e-05):-1.4613585284609246e-19
(500, 0.3, 0.1, 0.3, 1e-07):-1.5596298666990985e-19
(500, 0.3, 0.1, 0.3, 1e-06):-1.226120172065059e-19
(500, 0.3, 0.1, 0.3, 1e-05):-1.490963000971944e-19
(500, 0.3, 0.1, 0.8, 1e-07):-1.3629223650237614e-19
(500, 0.3, 0.1, 0.8, 1e-06):-1.622755346242892e-19
(500, 0.3, 0.1, 0.8, 1e-05):-1.7061001742605453e-19
(500, 0.3, 0.5, 0.2, 1e-07):-4.5123977139426097e-20
(500, 0.3, 0.5, 0.2, 1e-06):-5.64048961389807e-20
(500, 0.3, 0.5, 0.2, 1e-05):-4.3162166653847307e-20
(500, 0.3, 0.5, 0.5, 1e-07):-4.70827500705647e-20
(500, 0.3, 0.5, 0.5, 1e-06):-4.6592169067167655e-20
(500, 0.3, 0.5, 0.5, 1e-05):9.809169778658659e-21
(500, 0.3, 0.5, 0.3, 1e-07):-1.7653962243629132e-20
(500, 0.3, 0.5, 0.3, 1e-06):-1.0298150327632445e-20
(500, 0.3, 0.5, 0.3, 1e-05):-2.8442426099341996e-20
(500, 0.3, 0.5, 0.8, 1e-07):-3.040225071780341e-20
(500, 0.3, 0.5, 0.8, 1e-06):-3.0402165367207586e-20
(500, 0.3, 0.5, 0.8, 1e-05):-4.7074477676372026e-20
(500, 0.3, 0.2, 0.2, 1e-07):-7.798455310266415e-20
(500, 0.3, 0.2, 0.2, 1e-06):-7.994696081703003e-20
(500, 0.3, 0.2, 0.2, 1e-05):-7.06278494448895e-20
(500, 0.3, 0.2, 0.5, 1e-07):-7.844869020859232e-20
(500, 0.3, 0.2, 0.5, 1e-06):-6.030753940735926e-20
(500, 0.3, 0.2, 0.5, 1e-05):-6.521059387733072e-20
(500, 0.3, 0.2, 0.3, 1e-07):-4.6582570907496706e-20
(500, 0.3, 0.2, 0.3, 1e-06):-3.530500342955573e-20
(500, 0.3, 0.2, 0.3, 1e-05):-7.257065248529096e-20
(500, 0.3, 0.2, 0.8, 1e-07):-6.669412085567363e-20
(500, 0.3, 0.2, 0.8, 1e-06):-6.914640378814111e-20
(500, 0.3, 0.2, 0.8, 1e-05):-7.355984861377075e-20
(500, 0.3, 0.8, 0.2, 1e-07):-1.0445018149287563e-19
(500, 0.3, 0.8, 0.2, 1e-06):-1.1229629216080233e-19
(500, 0.3, 0.8, 0.2, 1e-05):-8.238322287536486e-20
(500, 0.3, 0.8, 0.5, 1e-07):-1.0495202956377469e-19
(500, 0.3, 0.8, 0.5, 1e-06):-7.405499434349013e-20
(10, 0.3, 0.1, 0.1, 1e-05):-7.685982832177968e-14
(10, 0.3, 0.5, 0.1, 1e-05):-7.742973973784778e-14
(10, 0.3, 0.2, 0.1, 1e-05):-7.690501744665314e-14
(10, 0.3, 0.8, 0.8, 0.0001):-6.307297862547202e-12
(10, 0.1, 0.1, 0.5, 1e-07):-2.3477815073163996e-17
(10, 0.1, 0.1, 0.5, 0.0001):-5.516710601967223e-12
(10, 0.1, 0.1, 0.5, 1e-06):-5.728611665928908e-16
(10, 0.1, 0.1, 0.5, 1e-05):-5.5189025699864226e-14
(10, 0.1, 0.1, 0.3, 1e-07):-3.423587437365707e-17
(10, 0.1, 0.1, 0.3, 0.0001):-5.521680832798262e-12
(10, 0.1, 0.1, 0.3, 1e-06):-5.910839574365013e-16
(10, 0.1, 0.1, 0.3, 1e-05):-5.525146146486535e-14
(10, 0.1, 0.1, 0.8, 1e-07):-3.151132366318375e-17
(10, 0.1, 0.1, 0.8, 0.0001):-4.982985202298185e-12
(10, 0.1, 0.1, 0.8, 1e-06):-5.314246204085943e-16
(10, 0.1, 0.1, 0.8, 1e-05):-4.9869705466648336e-14
(10, 0.1, 0.5, 0.5, 1e-07):-4.142486233782042e-17
(10, 0.1, 0.5, 0.5, 0.0001):-5.416168261942795e-12
(10, 0.1, 0.5, 0.5, 1e-06):-5.736687392578609e-16
(10, 0.1, 0.5, 0.5, 1e-05):-5.4191878788709813e-14
(10, 0.1, 0.5, 0.3, 1e-07):-2.209230820793816e-17
(10, 0.1, 0.5, 0.3, 0.0001):-5.607114190848707e-12
(10, 0.1, 0.5, 0.3, 1e-06):-5.800723782716017e-16
(10, 0.1, 0.5, 0.3, 1e-05):-5.608663154760396e-14
(10, 0.1, 0.5, 0.8, 1e-07):-3.019094842579841e-17
(10, 0.1, 0.5, 0.8, 0.0001):-5.304564716537952e-12
(10, 0.1, 0.5, 0.8, 1e-06):-5.747115115633806e-16
(10, 0.1, 0.5, 0.8, 1e-05):-5.309577608532086e-14
(10, 0.1, 0.2, 0.5, 1e-07):-2.37378522633871e-17
(10, 0.1, 0.2, 0.5, 0.0001):-5.3137179773164334e-12
(10, 0.1, 0.2, 0.5, 1e-06):-5.523919312957685e-16
(10, 0.1, 0.2, 0.5, 1e-05):-5.315257231085141e-14
(10, 0.1, 0.2, 0.3, 1e-07):-2.819321393696588e-17
(10, 0.1, 0.2, 0.3, 0.0001):-5.535258702403078e-12
(10, 0.1, 0.2, 0.3, 1e-06):-5.764169046228603e-16
(10, 0.1, 0.2, 0.3, 1e-05):-5.5384922300017595e-14
(10, 0.1, 0.2, 0.8, 1e-07):-3.9750263792552705e-17
(10, 0.1, 0.2, 0.8, 0.0001):-5.187575101422824e-12
(10, 0.1, 0.2, 0.8, 1e-06):-5.457814845609073e-16
(10, 0.1, 0.2, 0.8, 1e-05):-5.1898325316557667e-14
(10, 0.1, 0.8, 0.5, 1e-07):6.376504188671942e-18
(10, 0.1, 0.8, 0.5, 0.0001):-5.836439163290314e-12
(10, 0.1, 0.8, 0.5, 1e-06):-5.505723427388425e-16
(10, 0.1, 0.8, 0.5, 1e-05):-5.834582003036865e-14
(10, 0.1, 0.8, 0.3, 1e-07):-2.757724839986562e-18
(10, 0.1, 0.8, 0.3, 0.0001):-5.731814854955391e-12
(10, 0.1, 0.8, 0.3, 1e-06):-5.692723383217693e-16
(10, 0.1, 0.8, 0.3, 1e-05):-5.730517450711169e-14
(10, 0.1, 0.8, 0.8, 1e-07):1.9795304990996792e-17
(10, 0.1, 0.8, 0.8, 0.0001):-5.3981523071099874e-12
(10, 0.1, 0.8, 0.8, 1e-06):-5.159085922139604e-16
(10, 0.1, 0.8, 0.8, 1e-05):-5.396048455902009e-14
(10, 0.2, 0.1, 0.5, 0.0001):-5.687290876354992e-12
(10, 0.2, 0.1, 0.3, 0.0001):-6.018329112620166e-12
(10, 0.2, 0.1, 0.8, 0.0001):-5.494231212025121e-12
(10, 0.2, 0.5, 0.5, 0.0001):-5.822645647825271e-12
(10, 0.2, 0.5, 0.3, 0.0001):-6.1214255827582824e-12
(10, 0.2, 0.5, 0.8, 0.0001):-5.417659339248933e-12
(10, 0.2, 0.2, 0.5, 0.0001):-5.705470121575973e-12
(10, 0.2, 0.2, 0.3, 0.0001):-6.034377469976961e-12
(10, 0.2, 0.2, 0.8, 0.0001):-5.269566504685301e-12
(10, 0.2, 0.8, 0.5, 0.0001):-6.046200785602391e-12
(10, 0.2, 0.8, 0.3, 0.0001):-6.276980647477246e-12
(10, 0.2, 0.8, 0.8, 0.0001):-5.70884452779486e-12
(100, 0.1, 0.1, 0.5, 1e-05):-1.0393437891149178e-18
(100, 0.1, 0.1, 0.3, 1e-05):-1.1854016511728083e-18
(100, 0.1, 0.1, 0.8, 1e-05):-1.1399833382300582e-18
(100, 0.1, 0.5, 0.5, 1e-05):-1.062717738126976e-18
(100, 0.1, 0.5, 0.3, 1e-05):-8.68643879336966e-19
(100, 0.1, 0.5, 0.8, 1e-05):-1.1046136703532844e-18
(100, 0.1, 0.2, 0.5, 1e-05):-6.9873746603506e-19
(100, 0.1, 0.8, 0.5, 1e-05):-6.45692577141137e-19
(100, 0.2, 0.1, 0.5, 0.0001):-8.571118916971661e-17
(100, 0.2, 0.1, 0.3, 0.0001):-8.634857725233291e-17
(100, 0.2, 0.1, 0.8, 0.0001):-8.508266224383033e-17
(100, 0.2, 0.5, 0.5, 0.0001):-8.633143199672037e-17
(100, 0.2, 0.5, 0.3, 0.0001):-8.605727235657451e-17
(100, 0.2, 0.5, 0.8, 0.0001):-8.543054410064653e-17
(100, 0.2, 0.2, 0.5, 0.0001):-8.494088797273029e-17
(100, 0.2, 0.2, 0.3, 0.0001):-8.525392563272503e-17
(100, 0.2, 0.2, 0.8, 0.0001):-8.45514798703872e-17
(100, 0.2, 0.8, 0.5, 0.0001):-8.500337269066689e-17
(100, 0.2, 0.8, 0.3, 0.0001):-8.55194132912043e-17
(100, 0.2, 0.8, 0.8, 0.0001):-8.445140283826985e-17
(500, 0.3, 0.1, 0.5, 0.0001):-1.7408769084114197e-19
(500, 0.3, 0.1, 0.3, 0.0001):-2.0942236594323988e-19
(500, 0.3, 0.1, 0.8, 0.0001):-2.0345712259378598e-19
(500, 0.3, 0.5, 0.5, 0.0001):-8.043514986057357e-20
(500, 0.3, 0.5, 0.3, 0.0001):-7.993318787310503e-20
(500, 0.3, 0.5, 0.8, 0.0001):-8.77742781241891e-20
(500, 0.3, 0.2, 0.5, 0.0001):-1.1424097447053022e-19
(500, 0.3, 0.2, 0.3, 0.0001):-1.1326924407722825e-19
(500, 0.3, 0.2, 0.8, 0.0001):-1.0053180513892525e-19
(500, 0.3, 0.8, 0.5, 0.0001):-1.0789471854365325e-19
(500, 0.3, 0.8, 0.5, 1e-05):-8.484446855366594e-20
(500, 0.3, 0.8, 0.3, 1e-07):-1.0837316252127843e-19
(500, 0.3, 0.8, 0.3, 0.0001):-1.1719995629090798e-19
(500, 0.3, 0.8, 0.3, 1e-06):-1.0690203443891866e-19
(500, 0.3, 0.8, 0.3, 1e-05):-1.4171885276160095e-19
(500, 0.3, 0.8, 0.8, 1e-07):-8.580632155407932e-20
(500, 0.3, 0.8, 0.8, 0.0001):-1.245416931518571e-19
(500, 0.3, 0.8, 0.8, 1e-06):-1.2797400154598696e-19
(500, 0.3, 0.8, 0.8, 1e-05):-9.806448256456742e-20
(500, 0.4, 0.1, 0.5, 1e-07):-2.766857508629623e-19
(500, 0.4, 0.1, 0.5, 0.0001):-3.2671031994821107e-19
(500, 0.4, 0.1, 0.5, 1e-06):-2.881948367777608e-19
(500, 0.4, 0.1, 0.5, 1e-05):-2.8598259102395535e-19
(500, 0.4, 0.1, 0.3, 1e-07):-2.523209747186207e-19
(500, 0.4, 0.1, 0.3, 0.0001):-3.3908423234407636e-19
(500, 0.4, 0.1, 0.3, 1e-06):-2.629448561513805e-19
(500, 0.4, 0.1, 0.3, 1e-05):-2.886201160441348e-19
(500, 0.4, 0.1, 0.8, 1e-07):-2.5132680381067394e-19
(500, 0.4, 0.1, 0.8, 0.0001):-3.7389267321492674e-19
(500, 0.4, 0.1, 0.8, 1e-06):-2.5973425001970625e-19
(500, 0.4, 0.1, 0.8, 1e-05):-2.712382932701535e-19
(10, 0.3, 0.8, 0.1, 1e-05):-7.826420671837139e-14
(10, 0.4, 0.1, 0.1, 1e-05):-9.778925352478492e-14
(10, 0.4, 0.5, 0.1, 1e-05):-9.864294857415137e-14
(10, 0.4, 0.2, 0.1, 1e-05):-9.782571721127477e-14
(10, 0.4, 0.8, 0.1, 1e-05):-9.996168336235826e-14
(10, 0.1, 0.1, 0.2, 1e-07):-3.208740266230238e-17
(10, 0.1, 0.1, 0.2, 0.0001):-5.642332202568095e-12
(10, 0.1, 0.1, 0.2, 1e-06):-5.959329852640302e-16
(10, 0.1, 0.1, 0.2, 1e-05):-5.645571442099162e-14
(10, 0.1, 0.1, 0.1, 1e-07):-3.2097077752677414e-17
(10, 0.1, 0.1, 0.1, 0.0001):-5.764154711846424e-12
(10, 0.1, 0.1, 0.1, 1e-06):-6.055317035127478e-16
(10, 0.1, 0.1, 0.1, 1e-05):-5.766006754051833e-14
(10, 0.1, 0.5, 0.2, 1e-07):-2.091068528643116e-17
(10, 0.1, 0.5, 0.2, 0.0001):-5.704266132718016e-12
(10, 0.1, 0.5, 0.2, 1e-06):-5.880920157937007e-16
(10, 0.1, 0.5, 0.2, 1e-05):-5.704577702430208e-14
(10, 0.1, 0.5, 0.1, 1e-07):-7.823171235595597e-19
(10, 0.1, 0.5, 0.1, 0.0001):-5.800013909897694e-12
(10, 0.1, 0.5, 0.1, 1e-06):-5.929900188841361e-16
(10, 0.1, 0.5, 0.1, 1e-05):-5.800321680163339e-14
(10, 0.1, 0.2, 0.2, 1e-07):-2.3566194534460674e-17
(10, 0.1, 0.2, 0.2, 0.0001):-5.650141213661771e-12
(10, 0.1, 0.2, 0.2, 1e-06):-5.80903213302304e-16
(10, 0.1, 0.2, 0.2, 1e-05):-5.6519466373912026e-14
(10, 0.1, 0.2, 0.1, 1e-07):-2.2044805759702286e-17
(10, 0.1, 0.2, 0.1, 0.0001):-5.771234022891499e-12
(10, 0.1, 0.2, 0.1, 1e-06):-5.965821244400076e-16
(10, 0.1, 0.2, 0.1, 1e-05):-5.772952388419461e-14
(10, 0.1, 0.8, 0.2, 1e-07):9.372490678883086e-18
(10, 0.1, 0.8, 0.2, 0.0001):-5.790523590488626e-12
(10, 0.1, 0.8, 0.2, 1e-06):-5.682072116542306e-16
(10, 0.1, 0.8, 0.2, 1e-05):-5.79029783499168e-14
(10, 0.1, 0.8, 0.1, 1e-07):-1.9351558581519992e-19
(10, 0.1, 0.8, 0.1, 0.0001):-5.847045677571344e-12
(10, 0.1, 0.8, 0.1, 1e-06):-5.708725749645301e-16
(10, 0.1, 0.8, 0.1, 1e-05):-5.847885129930337e-14
(10, 0.2, 0.1, 0.2, 0.0001):-6.206833362000382e-12
(10, 0.2, 0.1, 0.1, 1e-07):-3.882253524552193e-17
(10, 0.2, 0.1, 0.1, 0.0001):-6.413151016565849e-12
(10, 0.2, 0.1, 0.1, 1e-06):-6.747236489695834e-16
(10, 0.2, 0.1, 0.1, 1e-05):-6.416322849690964e-14
(10, 0.2, 0.5, 0.2, 0.0001):-6.285304599938849e-12
(10, 0.2, 0.5, 0.1, 1e-07):-2.2329908973911905e-17
(10, 0.2, 0.5, 0.1, 0.0001):-6.4534996504438496e-12
(10, 0.2, 0.5, 0.1, 1e-06):-6.671296461601776e-16
(10, 0.2, 0.5, 0.1, 1e-05):-6.455646496285057e-14
(10, 0.2, 0.2, 0.2, 0.0001):-6.220408706592067e-12
(10, 0.2, 0.2, 0.1, 1e-07):-2.4257482826579712e-17
(10, 0.2, 0.2, 0.1, 0.0001):-6.418335172142341e-12
(10, 0.2, 0.2, 0.1, 1e-06):-6.57938089304029e-16
(10, 0.2, 0.2, 0.1, 1e-05):-6.41977821665795e-14
(10, 0.2, 0.8, 0.2, 0.0001):-6.394992626052315e-12
(10, 0.2, 0.8, 0.1, 1e-07):-1.2898058078369084e-17
(10, 0.2, 0.8, 0.1, 0.0001):-6.5136509519540716e-12
(10, 0.2, 0.8, 0.1, 1e-06):-6.716762618390732e-16
(10, 0.2, 0.8, 0.1, 1e-05):-6.513290763669613e-14
(50, 0.3, 0.1, 0.1, 1e-05):-5.126353006576017e-17
(50, 0.3, 0.5, 0.1, 1e-05):-4.8252654351312514e-17
(50, 0.3, 0.2, 0.1, 1e-05):-4.549638538231527e-17
(50, 0.3, 0.8, 0.1, 1e-05):-4.723096470875452e-17
(50, 0.4, 0.1, 0.1, 1e-05):-9.014946947368735e-17
(50, 0.4, 0.5, 0.1, 1e-05):-7.747371706991206e-17
(50, 0.4, 0.2, 0.1, 1e-05):-8.529892386855163e-17
(50, 0.4, 0.8, 0.1, 1e-05):-8.547333997591711e-17
(50, 0.1, 0.1, 0.2, 1e-05):-2.1739878902858037e-17
(50, 0.1, 0.1, 0.5, 1e-05):-2.1331777314527588e-17
(50, 0.1, 0.1, 0.1, 1e-05):-2.126532346672382e-17
(50, 0.1, 0.1, 0.3, 1e-05):-2.120538633530627e-17
(50, 0.1, 0.1, 0.8, 1e-05):-2.179182183440481e-17
(50, 0.1, 0.5, 0.2, 1e-05):-2.0208580680097096e-17
(50, 0.1, 0.5, 0.5, 1e-05):-2.1578024800537274e-17
(50, 0.1, 0.5, 0.1, 1e-05):-2.2172404224980383e-17
(50, 0.1, 0.5, 0.3, 1e-05):-2.1314877138998796e-17
(50, 0.1, 0.5, 0.8, 1e-05):-2.137502803162449e-17
(50, 0.1, 0.2, 0.2, 1e-05):-1.969245522532878e-17
(50, 0.1, 0.2, 0.5, 1e-05):-1.9195056753799083e-17
(50, 0.1, 0.2, 0.1, 1e-05):-1.946863394647903e-17
(50, 0.1, 0.2, 0.3, 1e-05):-1.9708866617484213e-17
(50, 0.1, 0.2, 0.8, 1e-05):-1.9863283307196724e-17
(50, 0.1, 0.8, 0.2, 1e-05):-1.8812706508993864e-17
(50, 0.1, 0.8, 0.5, 1e-05):-2.059353425351306e-17
(50, 0.1, 0.8, 0.1, 1e-05):-2.0733077601200707e-17
(50, 0.1, 0.8, 0.3, 1e-05):-2.0407282429800582e-17
(50, 0.1, 0.8, 0.8, 1e-05):-1.926615007235832e-17
(50, 0.2, 0.1, 0.2, 0.0001):-2.5544017434923266e-15
(50, 0.2, 0.1, 0.5, 0.0001):-2.516178532097485e-15
(50, 0.2, 0.1, 0.1, 1e-07):-5.325664524707021e-18
(50, 0.2, 0.1, 0.1, 0.0001):-2.566537443189631e-15
(50, 0.2, 0.1, 0.1, 1e-06):-5.309077243266991e-18
(50, 0.2, 0.1, 0.1, 1e-05):-3.130685762681335e-17
(50, 0.2, 0.1, 0.3, 0.0001):-2.5415006169999256e-15
(50, 0.2, 0.1, 0.8, 0.0001):-2.4803306215475046e-15
(50, 0.2, 0.5, 0.2, 0.0001):-2.5587031255974203e-15
(50, 0.2, 0.5, 0.5, 0.0001):-2.5243635155854425e-15
(50, 0.2, 0.5, 0.1, 1e-07):-4.313952671486258e-18
(50, 0.2, 0.5, 0.1, 0.0001):-2.5715666337188918e-15
(50, 0.2, 0.5, 0.1, 1e-06):-6.2052567924538735e-18
(50, 0.2, 0.5, 0.1, 1e-05):-3.1494288554554656e-17
(50, 0.2, 0.5, 0.3, 0.0001):-2.5466388629429317e-15
(50, 0.2, 0.5, 0.8, 0.0001):-2.4934459517546853e-15
(50, 0.2, 0.2, 0.2, 0.0001):-2.551072525488153e-15
(50, 0.2, 0.2, 0.5, 0.0001):-2.514485944529986e-15
(50, 0.2, 0.2, 0.1, 1e-07):-1.6097770953837387e-18
(50, 0.2, 0.2, 0.1, 0.0001):-2.5646468664323775e-15
(50, 0.2, 0.2, 0.1, 1e-06):-1.1450856382752354e-18
(50, 0.2, 0.2, 0.1, 1e-05):-2.73494124685792e-17
(50, 0.2, 0.2, 0.3, 0.0001):-2.538338901013681e-15
(50, 0.2, 0.2, 0.8, 0.0001):-2.479922008822455e-15
(50, 0.2, 0.8, 0.2, 0.0001):-2.562889520960343e-15
(50, 0.2, 0.8, 0.5, 0.0001):-2.5332023303419004e-15
(50, 0.2, 0.8, 0.1, 1e-07):-3.2675771112975982e-18
(50, 0.2, 0.8, 0.1, 0.0001):-2.5719539461482292e-15
(50, 0.2, 0.8, 0.1, 1e-06):-3.632487250790415e-18
(50, 0.2, 0.8, 0.1, 1e-05):-2.751739998614012e-17
(50, 0.2, 0.8, 0.3, 0.0001):-2.5537425859331336e-15
(50, 0.2, 0.8, 0.8, 0.0001):-2.5059026195625745e-15
(500, 0.3, 0.1, 0.2, 0.0001):-1.711589651984583e-19
(500, 0.3, 0.1, 0.1, 1e-07):-1.6231066697722474e-19
(500, 0.3, 0.1, 0.1, 0.0001):-1.956554295548225e-19
(500, 0.3, 0.1, 0.1, 1e-06):-1.3779315046141347e-19
(500, 0.3, 0.1, 0.1, 1e-05):-1.4809034868695249e-19
(500, 0.3, 0.5, 0.2, 0.0001):-1.0152878498672613e-19
(500, 0.3, 0.5, 0.1, 1e-07):-5.053131522097644e-20
(500, 0.3, 0.5, 0.1, 0.0001):-9.468503661560484e-20
(500, 0.3, 0.5, 0.1, 1e-06):-3.5813493592206165e-20
(500, 0.3, 0.5, 0.1, 1e-05):-1.766143788373803e-20
(500, 0.3, 0.2, 0.2, 0.0001):-1.0986537651753197e-19
(500, 0.3, 0.2, 0.1, 1e-07):-5.49284862624747e-20
(500, 0.3, 0.2, 0.1, 0.0001):-1.0641980977528915e-19
(500, 0.3, 0.2, 0.1, 1e-06):-3.089710612051209e-20
(500, 0.3, 0.2, 0.1, 1e-05):-7.846887601866558e-20
(500, 0.3, 0.8, 0.2, 0.0001):-1.686901927934859e-19
(500, 0.3, 0.8, 0.1, 1e-07):-1.04488760473599e-19
(500, 0.3, 0.8, 0.1, 0.0001):-1.0497910983878182e-19
(500, 0.3, 0.8, 0.1, 1e-06):-7.358365331116738e-20
(500, 0.3, 0.8, 0.1, 1e-05):-8.094197691823084e-20
(500, 0.4, 0.1, 0.2, 1e-07):-2.5816241498950393e-19
(500, 0.4, 0.1, 0.2, 0.0001):-3.861375883547779e-19
(500, 0.4, 0.1, 0.2, 1e-06):-2.736608188889225e-19
(500, 0.4, 0.1, 0.2, 1e-05):-2.76317408727594e-19
(500, 0.4, 0.1, 0.1, 1e-07):-2.62986354536731e-19
(500, 0.4, 0.1, 0.1, 0.0001):-3.3515150889993547e-19
(500, 0.4, 0.1, 0.1, 1e-06):-2.607725543466183e-19
(500, 0.4, 0.1, 0.1, 1e-05):-2.7892457517576563e-19
(500, 0.4, 0.5, 0.2, 1e-07):-7.924151427725914e-20
(500, 0.4, 0.5, 0.2, 0.0001):-1.5361352764325335e-19
(500, 0.4, 0.5, 0.2, 1e-06):-6.994496351197451e-20
(500, 0.4, 0.5, 0.2, 1e-05):-5.400818330434326e-20
(500, 0.4, 0.5, 0.5, 1e-07):-2.5668461708480704e-20
(500, 0.4, 0.5, 0.5, 0.0001):-1.398492049510432e-19
(500, 0.4, 0.5, 0.5, 1e-06):-2.3455708185201846e-20
(500, 0.4, 0.5, 0.5, 1e-05):-4.558369564332088e-20
(500, 0.4, 0.5, 0.1, 1e-07):-6.951209734396291e-20
(500, 0.4, 0.5, 0.1, 0.0001):-1.5230646981647795e-19
(500, 0.4, 0.5, 0.1, 1e-06):-8.633118750214561e-20
(500, 0.4, 0.5, 0.1, 1e-05):-6.28668190458881e-20
(500, 0.4, 0.5, 0.3, 1e-07):-5.755228698743616e-20
(500, 0.4, 0.5, 0.3, 0.0001):-1.2307331664475124e-19
(500, 0.4, 0.5, 0.3, 1e-06):-4.2499958279619523e-20
