(10, 0.3, 0.1, 0.2, 1e-07):-8.160380966883383e-15
(10, 0.3, 0.1, 0.2, 0.0001):-1.3723005609830587e-10
(10, 0.3, 0.1, 0.5, 1e-07):-4.914588390622616e-15
(10, 0.3, 0.1, 0.5, 0.0001):-9.569282390877542e-11
(10, 0.3, 0.5, 0.2, 1e-07):-1.6801608674618153e-14
(10, 0.3, 0.5, 0.2, 0.0001):-9.567138257000768e-11
(10, 0.3, 0.5, 0.5, 1e-07):-1.7383166579784365e-14
(10, 0.3, 0.5, 0.5, 0.0001):-6.540451097054184e-11
(10, 0.4, 0.1, 0.2, 1e-07):-1.229973846321167e-14
(10, 0.4, 0.1, 0.2, 0.0001):-1.6715969881083016e-10
(10, 0.4, 0.1, 0.5, 1e-07):-8.109741752590135e-15
(10, 0.4, 0.1, 0.5, 0.0001):-1.4569012280082053e-10
(10, 0.4, 0.5, 0.2, 1e-07):-1.95092864076236e-14
(10, 0.4, 0.5, 0.2, 0.0001):-1.2167296084368176e-10
(10, 0.4, 0.5, 0.5, 1e-07):-2.0861838223372698e-14
(10, 0.4, 0.5, 0.5, 0.0001):-1.0170426774697192e-10
(50, 0.3, 0.1, 0.2, 1e-07):-2.259546771591452e-15
(50, 0.3, 0.1, 0.2, 0.0001):-7.701217180730724e-13
(50, 0.3, 0.1, 0.5, 1e-07):-2.3655323368939947e-15
(50, 0.3, 0.1, 0.5, 0.0001):-7.520650994871683e-13
(50, 0.3, 0.5, 0.2, 1e-07):-1.2032866420731662e-14
(50, 0.3, 0.5, 0.2, 0.0001):-5.634356324801457e-13
(50, 0.3, 0.5, 0.5, 1e-07):-1.2043461530632933e-14
(50, 0.3, 0.5, 0.5, 0.0001):-5.519994716539649e-13
(50, 0.4, 0.1, 0.2, 1e-07):-1.7882973503061683e-15
(50, 0.4, 0.1, 0.2, 0.0001):-9.771951842018227e-13
(50, 0.4, 0.1, 0.5, 1e-07):-1.8106720829110016e-15
(50, 0.4, 0.1, 0.5, 0.0001):-9.449658507089237e-13
(50, 0.4, 0.5, 0.2, 1e-07):-1.267044849294517e-14
(50, 0.4, 0.5, 0.2, 0.0001):-7.126482834455062e-13
(50, 0.4, 0.5, 0.5, 1e-07):-1.3700725641079452e-14
(50, 0.4, 0.5, 0.5, 0.0001):-6.927521639785974e-13
(100, 0.1, 0.2, 0.1, 1e-06):-8.633117420894351e-15
(100, 0.1, 0.2, 0.1, 1e-05):-9.173575977695108e-15
(100, 0.1, 0.2, 0.3, 1e-06):-8.899692262922984e-15
(100, 0.1, 0.2, 0.3, 1e-05):-9.443676788090006e-15
(100, 0.1, 0.2, 0.8, 1e-06):-9.59375851139144e-15
(100, 0.1, 0.2, 0.8, 1e-05):-1.0111836591324002e-14
(100, 0.1, 0.8, 0.1, 1e-06):5.038232440376113e-15
(100, 0.1, 0.8, 0.1, 1e-05):4.867795315257005e-15
(100, 0.1, 0.8, 0.3, 1e-06):5.044432069448968e-15
(100, 0.1, 0.8, 0.3, 1e-05):4.869299383651644e-15
(100, 0.1, 0.8, 0.8, 1e-06):5.110243424844127e-15
(100, 0.1, 0.8, 0.8, 1e-05):4.94450248730196e-15
(100, 0.2, 0.2, 0.1, 1e-06):-4.632995205880006e-15
(100, 0.2, 0.2, 0.1, 1e-05):-5.226497291476993e-15
(100, 0.2, 0.2, 0.3, 1e-06):-4.6845533439267375e-15
(100, 0.2, 0.2, 0.3, 1e-05):-5.2750010454692055e-15
(100, 0.2, 0.2, 0.8, 1e-06):-4.805049277283679e-15
(100, 0.2, 0.2, 0.8, 1e-05):-5.388418594278088e-15
(100, 0.2, 0.8, 0.1, 1e-06):3.499242488575805e-15
(100, 0.2, 0.8, 0.1, 1e-05):3.3072327477606714e-15
(100, 0.2, 0.8, 0.3, 1e-06):3.5405796252449785e-15
(100, 0.2, 0.8, 0.3, 1e-05):3.3446093787794944e-15
(100, 0.2, 0.8, 0.8, 1e-06):3.660558740911704e-15
(100, 0.2, 0.8, 0.8, 1e-05):3.4737431543642362e-15
(500, 0.1, 0.2, 0.1, 1e-06):-3.0537236306349025e-15
(500, 0.1, 0.2, 0.1, 1e-05):-3.0532016363807276e-15
(500, 0.1, 0.2, 0.3, 1e-06):-3.078815232110308e-15
(500, 0.1, 0.2, 0.3, 1e-05):-3.080793712038313e-15
(500, 0.1, 0.2, 0.8, 1e-06):-3.0786292206435324e-15
(500, 0.1, 0.2, 0.8, 1e-05):-3.07853856234808e-15
(500, 0.1, 0.8, 0.1, 1e-06):1.975684983626451e-15
(500, 0.1, 0.8, 0.1, 1e-05):1.9766803548482835e-15
(500, 0.1, 0.8, 0.3, 1e-06):1.9821115666812794e-15
(500, 0.1, 0.8, 0.3, 1e-05):1.9838155029459407e-15
(500, 0.1, 0.8, 0.8, 1e-06):1.9912007155718247e-15
(500, 0.1, 0.8, 0.8, 1e-05):1.990782822512179e-15
(500, 0.2, 0.2, 0.1, 1e-06):-2.2813891154830017e-15
(500, 0.2, 0.2, 0.1, 1e-05):-2.2886145387919963e-15
(500, 0.2, 0.2, 0.3, 1e-06):-2.2878633065789898e-15
(500, 0.2, 0.2, 0.3, 1e-05):-2.2899955727915836e-15
(500, 0.2, 0.2, 0.8, 1e-06):-2.2923114081596894e-15
(500, 0.2, 0.2, 0.8, 1e-05):-2.2954082019318512e-15
(500, 0.2, 0.8, 0.1, 1e-06):1.2828973520599395e-15
(500, 0.2, 0.8, 0.1, 1e-05):1.2802695729922463e-15
(500, 0.2, 0.8, 0.3, 1e-06):1.2866591765608722e-15
(500, 0.2, 0.8, 0.3, 1e-05):1.2869827991957531e-15
(500, 0.2, 0.8, 0.8, 1e-06):1.2940803669528518e-15
(500, 0.2, 0.8, 0.8, 1e-05):1.2935938295373152e-15
(10, 0.3, 0.1, 0.2, 1e-06):-2.1722603197936794e-14
(10, 0.3, 0.1, 0.5, 1e-06):-1.4344215934939063e-14
(10, 0.3, 0.1, 0.1, 1e-07):-7.55514939044087e-15
(10, 0.3, 0.1, 0.1, 0.0001):-1.4635402979394588e-10
(10, 0.3, 0.1, 0.1, 1e-06):-2.2047922257080643e-14
(10, 0.3, 0.1, 0.3, 1e-07):-7.504785265632171e-15
(10, 0.3, 0.1, 0.3, 0.0001):-1.2753829931931745e-10
(10, 0.3, 0.1, 0.3, 1e-06):-2.0109200191884904e-14
(10, 0.3, 0.1, 0.8, 1e-07):-2.6559422362998285e-15
(10, 0.3, 0.1, 0.8, 0.0001):-1.0645188395072632e-11
(10, 0.3, 0.1, 0.8, 1e-06):-3.768425688062029e-15
(10, 0.3, 0.5, 0.2, 1e-06):-2.613864344915039e-14
(10, 0.3, 0.5, 0.5, 1e-06):-2.3833161515344903e-14
(10, 0.3, 0.5, 0.1, 1e-07):-1.9172490760232236e-14
(10, 0.3, 0.5, 0.1, 0.0001):-1.0073345886547103e-10
(10, 0.3, 0.5, 0.1, 1e-06):-2.916034298466529e-14
(10, 0.3, 0.5, 0.3, 1e-07):-2.0451647769169887e-14
(10, 0.3, 0.5, 0.3, 0.0001):-8.998530284632999e-11
(10, 0.3, 0.5, 0.3, 1e-06):-2.9446592888287916e-14
(10, 0.3, 0.5, 0.8, 1e-07):-7.775657889143329e-15
(10, 0.3, 0.5, 0.8, 0.0001):-2.8443949710442092e-11
(10, 0.3, 0.5, 0.8, 1e-06):-1.059003317822264e-14
(10, 0.3, 0.2, 0.2, 1e-07):-1.544937640432766e-14
(10, 0.3, 0.2, 0.2, 0.0001):-1.412379166682267e-10
(10, 0.3, 0.2, 0.2, 1e-06):-2.9333903917847246e-14
(10, 0.3, 0.2, 0.5, 1e-07):-9.084275300057204e-15
(10, 0.3, 0.2, 0.5, 0.0001):-9.178517281833696e-11
(10, 0.3, 0.2, 0.5, 1e-06):-1.8138950930586938e-14
(10, 0.3, 0.2, 0.1, 1e-07):-1.838091129228739e-14
(10, 0.3, 0.2, 0.1, 0.0001):-1.3370603944307952e-10
(10, 0.3, 0.2, 0.1, 1e-06):-3.171217770282955e-14
(10, 0.3, 0.2, 0.3, 1e-07):-1.56005651765486e-14
(10, 0.3, 0.2, 0.3, 0.0001):-1.288664122542319e-10
(10, 0.3, 0.2, 0.3, 1e-06):-2.842999960039526e-14
(10, 0.3, 0.2, 0.8, 1e-07):-1.969344963535433e-15
(10, 0.3, 0.2, 0.8, 0.0001):-8.547759173658336e-12
(10, 0.3, 0.2, 0.8, 1e-06):-2.859493417973685e-15
(10, 0.4, 0.1, 0.2, 1e-06):-2.8850827745996634e-14
(10, 0.4, 0.1, 0.5, 1e-06):-2.251199117198604e-14
(10, 0.4, 0.1, 0.1, 1e-07):-7.960628428560099e-15
(10, 0.4, 0.1, 0.1, 0.0001):-1.6320626305646267e-10
(10, 0.4, 0.1, 0.1, 1e-06):-2.412831886856134e-14
(10, 0.4, 0.1, 0.3, 1e-07):-1.1781560018478407e-14
(10, 0.4, 0.1, 0.3, 0.0001):-1.6265864621174448e-10
(10, 0.4, 0.1, 0.3, 1e-06):-2.7825269564429435e-14
(10, 0.4, 0.1, 0.8, 1e-07):-6.141373522607766e-15
(10, 0.4, 0.1, 0.8, 0.0001):-1.2446299775327517e-10
(10, 0.4, 0.1, 0.8, 1e-06):-1.8466378170567563e-14
(10, 0.4, 0.5, 0.2, 1e-06):-3.1572215888426e-14
(10, 0.4, 0.5, 0.5, 1e-06):-3.092689813422105e-14
(10, 0.4, 0.5, 0.1, 1e-07):-1.9795105338117383e-14
(10, 0.4, 0.5, 0.1, 0.0001):-1.2696673611908405e-10
(10, 0.4, 0.5, 0.1, 1e-06):-3.2321831646797406e-14
(10, 0.4, 0.5, 0.3, 1e-07):-1.959963102569977e-14
(10, 0.4, 0.5, 0.3, 0.0001):-1.1919339424780432e-10
(10, 0.4, 0.5, 0.3, 1e-06):-3.1483193010754996e-14
(10, 0.4, 0.5, 0.8, 1e-07):-1.9621941167733595e-14
(10, 0.4, 0.5, 0.8, 0.0001):-8.84487070080842e-11
(10, 0.4, 0.5, 0.8, 1e-06):-2.8293447315695492e-14
(10, 0.4, 0.2, 0.2, 1e-07):-1.964286732847847e-14
(10, 0.4, 0.2, 0.2, 0.0001):-1.64517882981822e-10
(10, 0.4, 0.2, 0.2, 1e-06):-3.5952248607802036e-14
(10, 0.4, 0.2, 0.5, 1e-07):-1.5709356737597425e-14
(10, 0.4, 0.2, 0.5, 0.0001):-1.381807551204643e-10
(10, 0.4, 0.2, 0.5, 1e-06):-2.937818853670806e-14
(10, 0.4, 0.2, 0.1, 1e-07):-1.9770021431330677e-14
(10, 0.4, 0.2, 0.1, 0.0001):-1.6972217159136629e-10
(10, 0.4, 0.2, 0.1, 1e-06):-3.650790113718647e-14
(10, 0.4, 0.2, 0.3, 1e-07):-1.8401050905546095e-14
(10, 0.4, 0.2, 0.3, 0.0001):-1.5717736248126915e-10
(10, 0.4, 0.2, 0.3, 1e-06):-3.401771470165862e-14
(10, 0.4, 0.2, 0.8, 1e-07):-1.1542864252666458e-14
(10, 0.4, 0.2, 0.8, 0.0001):-1.1267499827329843e-10
(10, 0.4, 0.2, 0.8, 1e-06):-2.2670907256832538e-14
(50, 0.3, 0.1, 0.2, 1e-06):-2.337832937464016e-15
(50, 0.3, 0.1, 0.5, 1e-06):-2.4451448235120384e-15
(50, 0.3, 0.1, 0.1, 1e-07):-2.2047950002974676e-15
(50, 0.3, 0.1, 0.1, 0.0001):-7.766078353056819e-13
(50, 0.3, 0.1, 0.1, 1e-06):-2.2962647146908737e-15
(50, 0.3, 0.1, 0.3, 1e-07):-2.2898183270239924e-15
(50, 0.3, 0.1, 0.3, 0.0001):-7.6380706090643e-13
(50, 0.3, 0.1, 0.3, 1e-06):-2.359830807949973e-15
(50, 0.3, 0.1, 0.8, 1e-07):-2.481172827991518e-15
(50, 0.3, 0.1, 0.8, 0.0001):-7.359219137430637e-13
(50, 0.3, 0.1, 0.8, 1e-06):-2.5481954682407344e-15
(50, 0.3, 0.5, 0.2, 1e-06):-1.2105104838947489e-14
(50, 0.3, 0.5, 0.5, 1e-06):-1.2068400388277772e-14
(50, 0.3, 0.5, 0.1, 1e-07):-1.2025043764960278e-14
(50, 0.3, 0.5, 0.1, 0.0001):-5.675373299087089e-13
(50, 0.3, 0.5, 0.1, 1e-06):-1.2073912747730116e-14
(50, 0.3, 0.5, 0.3, 1e-07):-1.2010912603587066e-14
(50, 0.3, 0.5, 0.3, 0.0001):-5.594302616217118e-13
(50, 0.3, 0.5, 0.3, 1e-06):-1.2071580995521501e-14
(50, 0.3, 0.5, 0.8, 1e-07):-1.201802679097168e-14
(50, 0.3, 0.5, 0.8, 0.0001):-5.417524217634166e-13
(50, 0.3, 0.5, 0.8, 1e-06):-1.209024335093657e-14
(50, 0.3, 0.2, 0.2, 1e-07):-5.3118031053304525e-15
(50, 0.3, 0.2, 0.2, 0.0001):-7.449490205003964e-13
(50, 0.3, 0.2, 0.2, 1e-06):-5.3915850370989e-15
(50, 0.3, 0.2, 0.5, 1e-07):-5.445874897301683e-15
(50, 0.3, 0.2, 0.5, 0.0001):-7.27952202930719e-13
(50, 0.3, 0.2, 0.5, 1e-06):-5.513171692916881e-15
(50, 0.3, 0.2, 0.1, 1e-07):-5.2729200597906794e-15
(50, 0.3, 0.2, 0.1, 0.0001):-7.511271963556202e-13
(50, 0.3, 0.2, 0.1, 1e-06):-5.3520520888164786e-15
(50, 0.3, 0.2, 0.3, 1e-07):-5.350962951452072e-15
(50, 0.3, 0.2, 0.3, 0.0001):-7.391058073042298e-13
(50, 0.3, 0.2, 0.3, 1e-06):-5.441043008591977e-15
(50, 0.3, 0.2, 0.8, 1e-07):-5.549701561048651e-15
(50, 0.3, 0.2, 0.8, 0.0001):-7.125863795929071e-13
(50, 0.3, 0.2, 0.8, 1e-06):-5.6183808768383735e-15
(50, 0.4, 0.1, 0.2, 1e-06):-1.8778224318314902e-15
(50, 0.4, 0.1, 0.5, 1e-06):-1.9206618350458415e-15
(50, 0.4, 0.1, 0.1, 1e-07):-1.7751578091829762e-15
(50, 0.4, 0.1, 0.1, 0.0001):-9.885831494157995e-13
(50, 0.4, 0.1, 0.1, 1e-06):-1.868307508905497e-15
(50, 0.4, 0.1, 0.3, 1e-07):-1.8057366232644136e-15
(50, 0.4, 0.1, 0.3, 0.0001):-9.661222657228407e-13
(50, 0.4, 0.1, 0.3, 1e-06):-1.90025691284025e-15
(50, 0.4, 0.1, 0.8, 1e-07):-1.87009411201326e-15
(50, 0.4, 0.1, 0.8, 0.0001):-9.163618512391364e-13
(50, 0.4, 0.1, 0.8, 1e-06):-1.957415167556585e-15
(50, 0.4, 0.5, 0.2, 1e-06):-1.2746095977125495e-14
(50, 0.4, 0.5, 0.5, 1e-06):-1.3756855912730663e-14
(50, 0.4, 0.5, 0.1, 1e-07):-1.2348302766171e-14
(50, 0.4, 0.5, 0.1, 0.0001):-7.198359872243826e-13
(50, 0.4, 0.5, 0.1, 1e-06):-1.2415533996087424e-14
(50, 0.4, 0.5, 0.3, 1e-07):-1.302041922258363e-14
(50, 0.4, 0.5, 0.3, 0.0001):-7.05829413007379e-13
(50, 0.4, 0.5, 0.3, 1e-06):-1.3069766621992417e-14
(50, 0.4, 0.5, 0.8, 1e-07):-1.4326705680661198e-14
(50, 0.4, 0.5, 0.8, 0.0001):-6.747261717050175e-13
(50, 0.4, 0.5, 0.8, 1e-06):-1.4411453810588973e-14
(50, 0.4, 0.2, 0.2, 1e-07):-4.122980341342876e-15
(50, 0.4, 0.2, 0.2, 0.0001):-9.436215098328054e-13
(50, 0.4, 0.2, 0.2, 1e-06):-4.220630454319322e-15
(50, 0.4, 0.2, 0.5, 1e-07):-4.330552407716413e-15
(50, 0.4, 0.2, 0.5, 0.0001):-9.13241345183586e-13
(50, 0.4, 0.2, 0.5, 1e-06):-4.428992299827325e-15
(50, 0.4, 0.2, 0.1, 1e-07):-4.0369395756391104e-15
(50, 0.4, 0.2, 0.1, 0.0001):-9.544141385391734e-13
(50, 0.4, 0.2, 0.1, 1e-06):-4.148503140997569e-15
(50, 0.4, 0.2, 0.3, 1e-07):-4.193181268381237e-15
(50, 0.4, 0.2, 0.3, 0.0001):-9.33114604748817e-13
(50, 0.4, 0.2, 0.3, 1e-06):-4.289498585025051e-15
(50, 0.4, 0.2, 0.8, 1e-07):-4.524025404357389e-15
(50, 0.4, 0.2, 0.8, 0.0001):-8.860722064591352e-13
(50, 0.4, 0.2, 0.8, 1e-06):-4.614641790727851e-15
(100, 0.3, 0.1, 0.2, 1e-07):-1.4054370446662017e-15
(100, 0.3, 0.1, 0.2, 0.0001):-7.699109529891327e-14
(100, 0.3, 0.1, 0.2, 1e-06):-1.4104644612299458e-15
(100, 0.3, 0.1, 0.5, 1e-07):-1.4319646289972241e-15
(100, 0.3, 0.1, 0.5, 0.0001):-7.600115802328167e-14
(100, 0.3, 0.1, 0.5, 1e-06):-1.4358565334122045e-15
(100, 0.3, 0.1, 0.1, 1e-07):-1.3956761188295057e-15
(100, 0.3, 0.1, 0.1, 0.0001):-7.734681995575023e-14
(100, 0.3, 0.1, 0.1, 1e-06):-1.4060607706350266e-15
(100, 0.3, 0.1, 0.3, 1e-07):-1.4089723221696636e-15
(100, 0.3, 0.1, 0.3, 0.0001):-7.665031485186803e-14
(100, 0.3, 0.1, 0.3, 1e-06):-1.4234786952168394e-15
(100, 0.3, 0.1, 0.8, 1e-07):-1.452518898211187e-15
(100, 0.3, 0.1, 0.8, 0.0001):-7.507871931494895e-14
(100, 0.3, 0.1, 0.8, 1e-06):-1.4578329243834888e-15
(100, 0.3, 0.5, 0.2, 1e-07):-1.0452322457941695e-14
(100, 0.3, 0.5, 0.2, 0.0001):-6.461190537567306e-14
(100, 0.3, 0.5, 0.2, 1e-06):-1.044067715795315e-14
(100, 0.3, 0.5, 0.5, 1e-07):-1.034444250201196e-14
(100, 0.3, 0.5, 0.5, 0.0001):-6.384482411186285e-14
(100, 0.3, 0.5, 0.5, 1e-06):-1.034938779190602e-14
(100, 0.3, 0.5, 0.1, 1e-07):-1.049079911778196e-14
(100, 0.3, 0.5, 0.1, 0.0001):-6.488825848947085e-14
(100, 0.3, 0.5, 0.1, 1e-06):-1.0499898229096179e-14
(100, 0.3, 0.5, 0.3, 1e-07):-1.0450923028252637e-14
(100, 0.3, 0.5, 0.3, 0.0001):-6.43619775903912e-14
(100, 0.3, 0.5, 0.3, 1e-06):-1.0453309061700192e-14
(100, 0.3, 0.5, 0.8, 1e-07):-1.0187084573309865e-14
(100, 0.3, 0.5, 0.8, 0.0001):-6.308445775245343e-14
(100, 0.3, 0.5, 0.8, 1e-06):-1.0196468670200476e-14
(100, 0.3, 0.2, 0.2, 1e-07):-3.8374853990639345e-15
(100, 0.3, 0.2, 0.2, 0.0001):-7.663668332312649e-14
(100, 0.3, 0.2, 0.2, 1e-06):-3.844650054157633e-15
(100, 0.3, 0.2, 0.5, 1e-07):-3.883940369708673e-15
(100, 0.3, 0.2, 0.5, 0.0001):-7.571568400055517e-14
(100, 0.3, 0.2, 0.5, 1e-06):-3.893452596786274e-15
(100, 0.3, 0.2, 0.1, 1e-07):-3.8283388832967945e-15
(100, 0.3, 0.2, 0.1, 0.0001):-7.697360732555357e-14
(100, 0.3, 0.2, 0.1, 1e-06):-3.835851695210178e-15
(100, 0.3, 0.2, 0.3, 1e-07):-3.8591341682136e-15
(100, 0.3, 0.2, 0.3, 0.0001):-7.632236357510016e-14
(100, 0.3, 0.2, 0.3, 1e-06):-3.8620977663584885e-15
(100, 0.3, 0.2, 0.8, 1e-07):-3.917141369616594e-15
(100, 0.3, 0.2, 0.8, 0.0001):-7.486441840254356e-14
(100, 0.3, 0.2, 0.8, 1e-06):-3.930524140656311e-15
(100, 0.4, 0.1, 0.2, 1e-07):-1.0927905993650479e-15
(100, 0.4, 0.1, 0.2, 0.0001):-9.75539549582257e-14
(100, 0.4, 0.1, 0.2, 1e-06):-1.1040465901687325e-15
(100, 0.4, 0.1, 0.5, 1e-07):-1.101472801002434e-15
(100, 0.4, 0.1, 0.5, 0.0001):-9.586381437919609e-14
(100, 0.4, 0.1, 0.5, 1e-06):-1.1060164363525776e-15
(100, 0.4, 0.1, 0.1, 1e-07):-1.0919885292511407e-15
(100, 0.4, 0.1, 0.1, 0.0001):-9.814296711722357e-14
(100, 0.4, 0.1, 0.1, 1e-06):-1.1039413529547194e-15
(100, 0.4, 0.1, 0.3, 1e-07):-1.1001830694811655e-15
(100, 0.4, 0.1, 0.3, 0.0001):-9.698345127292171e-14
(100, 0.4, 0.1, 0.3, 1e-06):-1.1091150484300046e-15
(100, 0.4, 0.1, 0.8, 1e-07):-1.1065432051509486e-15
(100, 0.4, 0.1, 0.8, 0.0001):-9.426900143387641e-14
(100, 0.4, 0.1, 0.8, 1e-06):-1.1125770909274093e-15
(100, 0.4, 0.5, 0.2, 1e-07):-8.456963562704031e-15
(100, 0.4, 0.5, 0.2, 0.0001):-7.7576887585237e-14
(100, 0.4, 0.5, 0.2, 1e-06):-8.45832351144404e-15
(100, 0.4, 0.5, 0.5, 1e-07):-8.61072757083976e-15
(100, 0.4, 0.5, 0.5, 0.0001):-7.661393405153064e-14
(100, 0.4, 0.5, 0.5, 1e-06):-8.598181606966827e-15
(100, 0.4, 0.5, 0.1, 1e-07):-8.406038024196291e-15
(100, 0.4, 0.5, 0.1, 0.0001):-7.790567674383675e-14
(100, 0.4, 0.5, 0.1, 1e-06):-8.399736836118606e-15
(100, 0.4, 0.5, 0.3, 1e-07):-8.501227911379014e-15
(100, 0.4, 0.5, 0.3, 0.0001):-7.725371516123288e-14
(100, 0.4, 0.5, 0.3, 1e-06):-8.515048274012987e-15
(100, 0.4, 0.5, 0.8, 1e-07):-8.776178918147313e-15
(100, 0.4, 0.5, 0.8, 0.0001):-7.57435336090197e-14
(100, 0.4, 0.5, 0.8, 1e-06):-8.781170010429203e-15
(100, 0.4, 0.2, 0.2, 1e-07):-3.0981024001405844e-15
(100, 0.4, 0.2, 0.2, 0.0001):-9.599389426024764e-14
(100, 0.4, 0.2, 0.2, 1e-06):-3.102634826564505e-15
(100, 0.4, 0.2, 0.5, 1e-07):-3.120907169803013e-15
(100, 0.4, 0.2, 0.5, 0.0001):-9.438868405075925e-14
(100, 0.4, 0.2, 0.5, 1e-06):-3.1309418389344355e-15
(100, 0.4, 0.2, 0.1, 1e-07):-3.0899243854835646e-15
(100, 0.4, 0.2, 0.1, 0.0001):-9.655466382425901e-14
(100, 0.4, 0.2, 0.1, 1e-06):-3.1047530272523076e-15
(100, 0.4, 0.2, 0.3, 1e-07):-3.104082735615512e-15
(100, 0.4, 0.2, 0.3, 0.0001):-9.544418278631208e-14
(100, 0.4, 0.2, 0.3, 1e-06):-3.1099764117411836e-15
(100, 0.4, 0.2, 0.8, 1e-07):-3.139280511833995e-15
(100, 0.4, 0.2, 0.8, 0.0001):-9.291307056988445e-14
(100, 0.4, 0.2, 0.8, 1e-06):-3.1483415701464843e-15
(50, 0.1, 0.1, 0.2, 1e-07):-1.245543692851887e-14
(50, 0.1, 0.1, 0.2, 0.0001):-6.450125804332988e-13
(50, 0.1, 0.1, 0.2, 1e-06):-1.2518670108669283e-14
(50, 0.1, 0.1, 0.5, 1e-07):-1.3397764568467251e-14
(50, 0.1, 0.1, 0.5, 0.0001):-6.439272266857754e-13
(50, 0.1, 0.1, 0.5, 1e-06):-1.3453668623728274e-14
(50, 0.1, 0.1, 0.1, 1e-07):-1.197442419202573e-14
(50, 0.1, 0.1, 0.1, 0.0001):-6.454855311998409e-13
(50, 0.1, 0.1, 0.1, 1e-06):-1.2043837615438876e-14
(50, 0.1, 0.1, 0.3, 1e-07):-1.2920569768699468e-14
(50, 0.1, 0.1, 0.3, 0.0001):-6.446455967324681e-13
(50, 0.1, 0.1, 0.3, 1e-06):-1.2984246447223583e-14
(50, 0.1, 0.1, 0.8, 1e-07):-3.8727042017944756e-15
(50, 0.1, 0.1, 0.8, 0.0001):-5.938118441432735e-13
(50, 0.1, 0.1, 0.8, 1e-06):-3.9248387072501125e-15
(50, 0.1, 0.5, 0.2, 1e-07):-9.449803890533462e-15
(50, 0.1, 0.5, 0.2, 0.0001):-4.67049768553056e-13
(50, 0.1, 0.5, 0.2, 1e-06):-9.491426375646888e-15
(50, 0.1, 0.5, 0.5, 1e-07):-9.5223095780139e-15
(50, 0.1, 0.5, 0.5, 0.0001):-4.66921853600092e-13
(50, 0.1, 0.5, 0.5, 1e-06):-9.529056452261362e-15
(50, 0.1, 0.5, 0.1, 1e-07):-9.424078574678439e-15
(50, 0.1, 0.5, 0.1, 0.0001):-4.67254818926135e-13
(50, 0.1, 0.5, 0.1, 1e-06):-9.48509820835975e-15
(50, 0.1, 0.5, 0.3, 1e-07):-9.487792216779102e-15
(50, 0.1, 0.5, 0.3, 0.0001):-4.669859146961693e-13
(50, 0.1, 0.5, 0.3, 1e-06):-9.538229197069459e-15
(50, 0.1, 0.5, 0.8, 1e-07):-9.640669611422657e-15
(50, 0.1, 0.5, 0.8, 0.0001):-4.319048653004237e-13
(50, 0.1, 0.5, 0.8, 1e-06):-9.70254346208481e-15
(50, 0.1, 0.2, 0.2, 1e-07):-1.3368148436902168e-14
(50, 0.1, 0.2, 0.2, 0.0001):-6.24990049176052e-13
(50, 0.1, 0.2, 0.2, 1e-06):-1.3416352315428138e-14
(50, 0.1, 0.2, 0.5, 1e-07):-1.339292422128741e-14
(50, 0.1, 0.2, 0.5, 0.0001):-6.23458488598409e-13
(50, 0.1, 0.2, 0.5, 1e-06):-1.3451752209529882e-14
(50, 0.1, 0.2, 0.1, 1e-07):-1.3334945420188924e-14
(50, 0.1, 0.2, 0.1, 0.0001):-6.257315601623773e-13
(50, 0.1, 0.2, 0.1, 1e-06):-1.3396326277251584e-14
(50, 0.1, 0.2, 0.3, 1e-07):-1.3362036582556962e-14
(50, 0.1, 0.2, 0.3, 0.0001):-6.243665551111543e-13
(50, 0.1, 0.2, 0.3, 1e-06):-1.342977419054858e-14
(50, 0.1, 0.2, 0.8, 1e-07):-1.3607137715645694e-14
(50, 0.1, 0.2, 0.8, 0.0001):-6.212654093743134e-13
(50, 0.1, 0.2, 0.8, 1e-06):-1.3661901625878768e-14
(100, 0.1, 0.1, 0.2, 1e-07):-5.454530181561054e-15
(100, 0.1, 0.1, 0.2, 0.0001):-6.207271398091353e-14
(100, 0.1, 0.1, 0.2, 1e-06):-5.465808688190589e-15
(100, 0.1, 0.1, 0.5, 1e-07):-5.794159858201359e-15
(100, 0.1, 0.1, 0.5, 0.0001):-6.217231297971665e-14
(100, 0.1, 0.1, 0.5, 1e-06):-5.800974306767446e-15
(100, 0.1, 0.1, 0.1, 1e-07):-5.428195304541636e-15
(100, 0.1, 0.1, 0.1, 0.0001):-6.21374945183987e-14
(100, 0.1, 0.1, 0.1, 1e-06):-5.437454584310706e-15
(100, 0.1, 0.1, 0.3, 1e-07):-5.605735356803845e-15
(100, 0.1, 0.1, 0.3, 0.0001):-6.214499126039867e-14
(100, 0.1, 0.1, 0.3, 1e-06):-5.6098100960454595e-15
(100, 0.1, 0.1, 0.8, 1e-07):-5.970421096438939e-15
(100, 0.1, 0.1, 0.8, 0.0001):-6.212870845857917e-14
(100, 0.1, 0.1, 0.8, 1e-06):-5.973858221886746e-15
(100, 0.1, 0.5, 0.2, 1e-07):-7.070838909586522e-15
(100, 0.1, 0.5, 0.2, 0.0001):-4.786402447107884e-14
(100, 0.1, 0.5, 0.2, 1e-06):-7.072871516830442e-15
(100, 0.1, 0.5, 0.5, 1e-07):-7.028884388793533e-15
(100, 0.1, 0.5, 0.5, 0.0001):-4.770569398670196e-14
(100, 0.1, 0.5, 0.5, 1e-06):-7.032801077398579e-15
(100, 0.1, 0.5, 0.1, 1e-07):-7.108088890493975e-15
(100, 0.1, 0.5, 0.1, 0.0001):-4.792516349872221e-14
(100, 0.1, 0.5, 0.1, 1e-06):-7.1021143681090094e-15
(100, 0.1, 0.5, 0.3, 1e-07):-7.070861473178227e-15
(100, 0.1, 0.5, 0.3, 0.0001):-4.777713050495852e-14
(100, 0.1, 0.5, 0.3, 1e-06):-7.03607309184946e-15
(100, 0.1, 0.5, 0.8, 1e-07):-6.96021966605533e-15
(100, 0.1, 0.5, 0.8, 0.0001):-4.7537552996516836e-14
(100, 0.1, 0.5, 0.8, 1e-06):-6.96294437003312e-15
(100, 0.1, 0.2, 0.2, 1e-07):-8.776349073071158e-15
(100, 0.1, 0.2, 0.2, 0.0001):-6.339221762404598e-14
(100, 0.1, 0.2, 0.2, 1e-06):-8.77884939820979e-15
(100, 0.1, 0.2, 0.5, 1e-07):-9.174013750510931e-15
(100, 0.1, 0.2, 0.5, 0.0001):-6.358636648174694e-14
(100, 0.1, 0.2, 0.5, 1e-06):-9.194235532879394e-15
(100, 0.1, 0.2, 0.1, 1e-07):-8.628532470317203e-15
(100, 0.1, 0.2, 0.1, 0.0001):-6.331973650740436e-14
(100, 0.1, 0.2, 0.3, 1e-07):-8.897787398430578e-15
(100, 0.1, 0.2, 0.3, 0.0001):-6.344585470856956e-14
(100, 0.1, 0.2, 0.8, 1e-07):-9.575785930019419e-15
(100, 0.1, 0.2, 0.8, 0.0001):-6.379846170544758e-14
(10, 0.3, 0.8, 0.2, 1e-07):2.204763824291252e-14
(10, 0.3, 0.8, 0.2, 0.0001):-4.2968411348329105e-11
(10, 0.3, 0.8, 0.2, 1e-06):1.793843749832076e-14
(10, 0.3, 0.8, 0.5, 1e-07):1.416507803291848e-14
(10, 0.3, 0.8, 0.5, 0.0001):-2.808018792337244e-11
(10, 0.3, 0.8, 0.5, 1e-06):1.1282418886496606e-14
(10, 0.3, 0.8, 0.1, 1e-07):2.490076652130342e-14
(10, 0.3, 0.8, 0.1, 0.0001):-4.5030818471352864e-11
(10, 0.3, 0.8, 0.1, 1e-06):2.050542362615706e-14
(10, 0.3, 0.8, 0.3, 1e-07):2.0816861283252975e-14
(10, 0.3, 0.8, 0.3, 0.0001):-3.7842955496966715e-11
(10, 0.3, 0.8, 0.3, 1e-06):1.6972151755775047e-14
(10, 0.4, 0.8, 0.2, 1e-07):2.5398447241202208e-14
(10, 0.4, 0.8, 0.2, 0.0001):-5.4651881306814285e-11
(10, 0.4, 0.8, 0.2, 1e-06):1.9977818964459067e-14
(10, 0.4, 0.8, 0.5, 1e-07):2.1116827153157773e-14
(10, 0.4, 0.8, 0.5, 0.0001):-4.475078082227861e-11
(10, 0.4, 0.8, 0.5, 1e-06):1.675953906530186e-14
(10, 0.4, 0.8, 0.1, 1e-07):2.723333312176806e-14
(10, 0.4, 0.8, 0.1, 0.0001):-5.608325621055838e-11
(10, 0.4, 0.8, 0.1, 1e-06):2.1737554275804323e-14
(10, 0.4, 0.8, 0.3, 1e-07):2.4093725830399868e-14
(10, 0.4, 0.8, 0.3, 0.0001):-5.3123709275565924e-11
(10, 0.4, 0.8, 0.3, 1e-06):1.8845171607252003e-14
(10, 0.4, 0.8, 0.8, 1e-07):1.4427215726357172e-14
(10, 0.4, 0.8, 0.8, 0.0001):-4.340655495712014e-11
(10, 0.4, 0.8, 0.8, 1e-06):1.0147653511968299e-14
(50, 0.3, 0.8, 0.2, 1e-07):4.6430577687546124e-15
(50, 0.3, 0.8, 0.2, 0.0001):-2.377764357547918e-13
(50, 0.3, 0.8, 0.2, 1e-06):4.59170101852841e-15
(50, 0.3, 0.8, 0.5, 1e-07):4.736068144549544e-15
(50, 0.3, 0.8, 0.5, 0.0001):-2.34400204332977e-13
(50, 0.3, 0.8, 0.5, 1e-06):4.701797024174329e-15
(50, 0.3, 0.8, 0.1, 1e-07):4.583458819025919e-15
(50, 0.3, 0.8, 0.1, 0.0001):-2.390056560751631e-13
(50, 0.3, 0.8, 0.1, 1e-06):4.581021034663804e-15
(50, 0.3, 0.8, 0.3, 1e-07):4.7063025533313276e-15
(50, 0.3, 0.8, 0.3, 0.0001):-2.365822766989782e-13
(50, 0.3, 0.8, 0.3, 1e-06):4.666398314641853e-15
(50, 0.3, 0.8, 0.8, 1e-07):4.900336573280206e-15
(50, 0.3, 0.8, 0.8, 0.0001):-2.313811335064687e-13
(50, 0.3, 0.8, 0.8, 1e-06):4.8665421583722676e-15
(50, 0.4, 0.8, 0.2, 1e-07):2.034006165426228e-15
(50, 0.4, 0.8, 0.2, 0.0001):-3.055812122993084e-13
(50, 0.4, 0.8, 0.2, 1e-06):1.995021797821565e-15
(50, 0.4, 0.8, 0.5, 1e-07):2.0855421639158223e-15
(50, 0.4, 0.8, 0.5, 0.0001):-2.98609771136746e-13
(50, 0.4, 0.8, 0.5, 1e-06):2.062933879100361e-15
(50, 0.4, 0.8, 0.1, 1e-07):1.9551251496868455e-15
(50, 0.4, 0.8, 0.1, 0.0001):-3.0817804214937627e-13
(50, 0.4, 0.8, 0.1, 1e-06):1.9403432726069945e-15
(50, 0.4, 0.8, 0.3, 1e-07):2.0795241755032017e-15
(50, 0.4, 0.8, 0.3, 0.0001):-3.03135043566806e-13
(50, 0.4, 0.8, 0.3, 1e-06):2.05333407074634e-15
(50, 0.4, 0.8, 0.8, 1e-07):2.2028847115566907e-15
(50, 0.4, 0.8, 0.8, 0.0001):-2.922692679186219e-13
(50, 0.4, 0.8, 0.8, 1e-06):2.192513961114536e-15
(50, 0.1, 0.8, 0.2, 1e-07):8.155071460497884e-15
(50, 0.1, 0.8, 0.2, 0.0001):-1.9298335289735473e-13
(50, 0.1, 0.8, 0.2, 1e-06):8.113159690350223e-15
(50, 0.1, 0.8, 0.5, 1e-07):8.018875584195221e-15
(50, 0.1, 0.8, 0.5, 0.0001):-1.9434805627939744e-13
(50, 0.1, 0.8, 0.5, 1e-06):7.975711441104145e-15
(50, 0.1, 0.8, 0.1, 1e-07):8.137457554723179e-15
(50, 0.1, 0.8, 0.1, 0.0001):-1.926906942423551e-13
(50, 0.1, 0.8, 0.1, 1e-06):8.123912281459879e-15
(50, 0.1, 0.8, 0.3, 1e-07):8.06803353414043e-15
(50, 0.1, 0.8, 0.3, 0.0001):-1.9345053688030142e-13
(50, 0.1, 0.8, 0.3, 1e-06):8.02812264953494e-15
(50, 0.1, 0.8, 0.8, 1e-07):7.924202982193519e-15
(50, 0.1, 0.8, 0.8, 0.0001):-1.9535602722441328e-13
(50, 0.1, 0.8, 0.8, 1e-06):7.904682247333187e-15
(100, 0.3, 0.8, 0.2, 1e-07):1.6496540740289506e-15
(100, 0.3, 0.8, 0.2, 0.0001):-2.2093235605339318e-14
(100, 0.3, 0.8, 0.2, 1e-06):1.6477302937620838e-15
(100, 0.3, 0.8, 0.5, 1e-07):1.7310623857180836e-15
(100, 0.3, 0.8, 0.5, 0.0001):-2.180018076757491e-14
(100, 0.3, 0.8, 0.5, 1e-06):1.7151242508043484e-15
(100, 0.3, 0.8, 0.1, 1e-07):1.5864983578939348e-15
(100, 0.3, 0.8, 0.1, 0.0001):-2.221956198336163e-14
(100, 0.3, 0.8, 0.1, 1e-06):1.5849612124025463e-15
(100, 0.3, 0.8, 0.3, 1e-07):1.6695176693445794e-15
(100, 0.3, 0.8, 0.3, 0.0001):-2.1999044026088775e-14
(100, 0.3, 0.8, 0.3, 1e-06):1.6614422526251313e-15
(100, 0.3, 0.8, 0.8, 1e-07):1.8023496242617677e-15
(100, 0.3, 0.8, 0.8, 0.0001):-2.1511557766182355e-14
(100, 0.3, 0.8, 0.8, 1e-06):1.7995117693277493e-15
(100, 0.4, 0.8, 0.2, 1e-07):-3.7359224053591873e-16
(100, 0.4, 0.8, 0.2, 0.0001):-3.067498242401814e-14
(100, 0.4, 0.8, 0.2, 1e-06):-3.8420148131039484e-16
(100, 0.4, 0.8, 0.5, 1e-07):-3.013602694953224e-16
(100, 0.4, 0.8, 0.5, 0.0001):-3.0224567415650843e-14
(100, 0.4, 0.8, 0.5, 1e-06):-3.0144995269756075e-16
(100, 0.4, 0.8, 0.1, 1e-07):-4.100460886997745e-16
(100, 0.4, 0.8, 0.1, 0.0001):-3.0841018568372746e-14
(100, 0.4, 0.8, 0.1, 1e-06):-4.130753559110239e-16
(100, 0.4, 0.8, 0.3, 1e-07):-3.732802492929411e-16
(100, 0.4, 0.8, 0.3, 0.0001):-3.0532096854352104e-14
(100, 0.4, 0.8, 0.3, 1e-06):-3.7255875225876314e-16
(100, 0.4, 0.8, 0.8, 1e-07):-1.8876741506984176e-16
(100, 0.4, 0.8, 0.8, 0.0001):-2.9772596846163826e-14
(100, 0.4, 0.8, 0.8, 1e-06):-1.8169415490880225e-16
(100, 0.1, 0.8, 0.2, 1e-07):5.048223486194158e-15
(100, 0.1, 0.8, 0.2, 0.0001):-1.2820314092911807e-14
(100, 0.1, 0.8, 0.2, 1e-06):5.042844699694943e-15
(100, 0.1, 0.8, 0.5, 1e-07):5.0995032164929496e-15
(100, 0.1, 0.8, 0.5, 0.0001):-1.2758766492673145e-14
(100, 0.1, 0.8, 0.5, 1e-06):5.099890094097028e-15
(100, 0.1, 0.8, 0.1, 1e-07):5.035067621343828e-15
(100, 0.1, 0.8, 0.1, 0.0001):-1.2830201995812694e-14
(100, 0.1, 0.8, 0.3, 1e-07):5.049726073100405e-15
(100, 0.1, 0.8, 0.3, 0.0001):-1.2806938095451987e-14
(100, 0.1, 0.8, 0.8, 1e-07):5.120139520306622e-15
(100, 0.1, 0.8, 0.8, 0.0001):-1.2735678699775067e-14
(10, 0.3, 0.1, 0.1, 1e-05):-2.102358395886364e-12
(10, 0.3, 0.5, 0.1, 1e-05):-1.53607736516776e-12
(10, 0.3, 0.2, 0.1, 1e-05):-2.032435672620389e-12
(10, 0.3, 0.1, 0.5, 1e-05):-1.8545340094271614e-12
(10, 0.3, 0.1, 0.3, 1e-05):-1.968208462002304e-12
(10, 0.3, 0.1, 0.8, 1e-05):-1.7680058580174217e-12
(10, 0.3, 0.5, 0.5, 1e-05):-1.373365354981652e-12
(10, 0.3, 0.5, 0.3, 1e-05):-1.475570249306722e-12
(10, 0.3, 0.5, 0.8, 1e-05):-1.2905534015744867e-12
(10, 0.3, 0.2, 0.5, 1e-05):-1.796210904519091e-12
(10, 0.3, 0.2, 0.3, 1e-05):-1.9066473826989927e-12
(10, 0.3, 0.2, 0.8, 1e-05):-1.7169395357526291e-12
(10, 0.3, 0.8, 0.5, 1e-05):-6.937991061846373e-13
(10, 0.3, 0.8, 0.3, 1e-05):-6.773836749335215e-13
(10, 0.3, 0.8, 0.8, 1e-07):1.661142203457548e-14
(10, 0.3, 0.8, 0.8, 0.0001):-6.150657070169622e-11
(10, 0.3, 0.8, 0.8, 1e-06):1.0511300641267547e-14
(10, 0.3, 0.8, 0.8, 1e-05):-5.985283416945087e-13
(10, 0.4, 0.1, 0.5, 1e-05):-2.0300997195094225e-12
(10, 0.4, 0.1, 0.3, 1e-05):-2.2002420065178155e-12
(10, 0.4, 0.1, 0.8, 1e-05):-1.9045530924789085e-12
(10, 0.4, 0.5, 0.5, 1e-05):-1.5147173836731139e-12
(10, 0.4, 0.5, 0.3, 1e-05):-1.6659638877079074e-12
(10, 0.4, 0.5, 0.8, 1e-05):-1.3735563255314397e-12
(10, 0.4, 0.2, 0.5, 1e-05):-1.9638844977386115e-12
(10, 0.4, 0.2, 0.3, 1e-05):-2.1358307813640435e-12
(10, 0.4, 0.2, 0.8, 1e-05):-1.848456643332383e-12
(10, 0.4, 0.8, 0.5, 1e-05):-7.925323008874537e-13
(10, 0.4, 0.8, 0.3, 1e-05):-7.405110865312431e-13
(10, 0.4, 0.8, 0.8, 1e-05):-6.747007550265514e-13
(10, 0.1, 0.1, 0.5, 1e-07):-1.203771609205863e-14
(10, 0.1, 0.1, 0.5, 0.0001):-1.716680445959842e-10
(10, 0.1, 0.1, 0.5, 1e-06):-2.905285469322813e-14
(10, 0.1, 0.1, 0.5, 1e-05):-1.7284136449448052e-12
(10, 0.1, 0.1, 0.3, 1e-07):-1.2137648666496782e-14
(10, 0.1, 0.1, 0.3, 0.0001):-1.721549169705427e-10
(10, 0.1, 0.1, 0.3, 1e-06):-2.9218439085116543e-14
(10, 0.1, 0.1, 0.3, 1e-05):-1.7333957310535844e-12
(10, 0.1, 0.1, 0.8, 1e-07):-1.1630379402314506e-14
(10, 0.1, 0.1, 0.8, 0.0001):-1.5899019714970373e-10
(10, 0.1, 0.1, 0.8, 1e-06):-2.7460314989347103e-14
(10, 0.1, 0.1, 0.8, 1e-05):-1.6012497075776963e-12
(10, 0.1, 0.5, 0.5, 1e-07):-2.139154785147872e-14
(10, 0.1, 0.5, 0.5, 0.0001):-1.2232658815885027e-10
(10, 0.1, 0.5, 0.5, 1e-06):-3.3638913898728816e-14
(10, 0.1, 0.5, 0.5, 1e-05):-1.2444312533277877e-12
(10, 0.1, 0.5, 0.3, 1e-07):-1.9864025304836577e-14
(10, 0.1, 0.5, 0.3, 0.0001):-1.2628192896013361e-10
(10, 0.1, 0.5, 0.3, 1e-06):-3.2456083236249004e-14
(10, 0.1, 0.5, 0.3, 1e-05):-1.2823942539169144e-12
(10, 0.1, 0.5, 0.8, 1e-07):-2.181437204458013e-14
(10, 0.1, 0.5, 0.8, 0.0001):-1.2154646888026202e-10
(10, 0.1, 0.5, 0.8, 1e-06):-3.390233197917798e-14
(10, 0.1, 0.5, 0.8, 1e-05):-1.2369729822508708e-12
(10, 0.1, 0.2, 0.5, 1e-07):-1.8401754158197594e-14
(10, 0.1, 0.2, 0.5, 0.0001):-1.6093146091358218e-10
(10, 0.1, 0.2, 0.5, 1e-06):-3.4322294168610325e-14
(10, 0.1, 0.2, 0.5, 1e-05):-1.6273846533554272e-12
(10, 0.1, 0.2, 0.3, 1e-07):-1.8958187158606165e-14
(10, 0.1, 0.2, 0.3, 0.0001):-1.662885770976001e-10
(10, 0.1, 0.2, 0.3, 1e-06):-3.542545934644686e-14
(10, 0.1, 0.2, 0.3, 1e-05):-1.6815160143059296e-12
(10, 0.1, 0.2, 0.8, 1e-07):-1.800731613020382e-14
(10, 0.1, 0.2, 0.8, 0.0001):-1.580587965697635e-10
(10, 0.1, 0.2, 0.8, 1e-06):-3.364372149672997e-14
(10, 0.1, 0.2, 0.8, 1e-05):-1.598275918377645e-12
(10, 0.1, 0.8, 0.5, 1e-07):2.172116298719918e-14
(10, 0.1, 0.8, 0.5, 0.0001):-5.598272445980505e-11
(10, 0.1, 0.8, 0.5, 1e-06):1.618917821696508e-14
(10, 0.1, 0.8, 0.5, 1e-05):-5.384033683985256e-13
(10, 0.1, 0.8, 0.3, 1e-07):2.398412991370884e-14
(10, 0.1, 0.8, 0.3, 0.0001):-5.891323503725409e-11
(10, 0.1, 0.8, 0.3, 1e-06):1.8157423831890092e-14
(10, 0.1, 0.8, 0.3, 1e-05):-5.65291527777361e-13
(10, 0.1, 0.8, 0.8, 1e-07):1.8046719716792075e-14
(10, 0.1, 0.8, 0.8, 0.0001):-5.6984840805136975e-11
(10, 0.1, 0.8, 0.8, 1e-06):1.2410055404635175e-14
(10, 0.1, 0.8, 0.8, 1e-05):-5.518765214697252e-13
(10, 0.2, 0.1, 0.5, 1e-07):-9.701562066963944e-15
(10, 0.2, 0.1, 0.5, 0.0001):-1.7283662361308548e-10
(10, 0.2, 0.1, 0.5, 1e-06):-2.6750905795818394e-14
(10, 0.2, 0.1, 0.5, 1e-05):-1.7378153981898343e-12
(10, 0.2, 0.1, 0.3, 1e-07):-1.1823236312423524e-14
(10, 0.2, 0.1, 0.3, 0.0001):-1.802116683148003e-10
(10, 0.2, 0.1, 0.3, 1e-06):-2.965114189839563e-14
(10, 0.2, 0.1, 0.3, 1e-05):-1.8136263212440494e-12
(10, 0.2, 0.1, 0.8, 1e-07):-8.408389833790499e-15
(10, 0.2, 0.1, 0.8, 0.0001):-1.6880473854869675e-10
(10, 0.2, 0.1, 0.8, 1e-06):-2.5068953983705907e-14
(10, 0.2, 0.1, 0.8, 1e-05):-1.6961977580716433e-12
(10, 0.2, 0.5, 0.5, 1e-07):-2.1971958981521256e-14
(10, 0.2, 0.5, 0.5, 0.0001):-1.264528128300054e-10
(10, 0.2, 0.5, 0.5, 1e-06):-3.459759226165786e-14
(10, 0.2, 0.5, 0.5, 1e-05):-1.2861386585251308e-12
(10, 0.2, 0.5, 0.3, 1e-07):-2.0199194414958852e-14
(10, 0.2, 0.5, 0.3, 0.0001):-1.3284001659573885e-10
(10, 0.2, 0.5, 0.3, 1e-06):-3.339006646565928e-14
(10, 0.2, 0.5, 0.3, 1e-05):-1.3482751476153403e-12
(10, 0.2, 0.5, 0.8, 1e-07):-2.1229521394751118e-14
(10, 0.2, 0.5, 0.8, 0.0001):-1.2125152828221484e-10
(10, 0.2, 0.5, 0.8, 1e-06):-3.32584708128262e-14
(10, 0.2, 0.5, 0.8, 1e-05):-1.2333904193989823e-12
(10, 0.2, 0.2, 0.5, 1e-07):-1.5873592531421696e-14
(10, 0.2, 0.2, 0.5, 0.0001):-1.668976631408595e-10
(10, 0.2, 0.2, 0.5, 1e-06):-3.23900196663543e-14
(10, 0.2, 0.2, 0.5, 1e-05):-1.684525421361913e-12
(10, 0.2, 0.2, 0.3, 1e-07):-1.7620125612069106e-14
(10, 0.2, 0.2, 0.3, 0.0001):-1.7409440857468048e-10
(10, 0.2, 0.2, 0.3, 1e-06):-3.48734223543178e-14
(10, 0.2, 0.2, 0.3, 1e-05):-1.7582302464470644e-12
(10, 0.2, 0.2, 0.8, 1e-07):-1.4902111584448027e-14
(10, 0.2, 0.2, 0.8, 0.0001):-1.5795557347913366e-10
(10, 0.2, 0.2, 0.8, 1e-06):-3.04665006107115e-14
(10, 0.2, 0.2, 0.8, 1e-05):-1.5941003534942343e-12
(10, 0.2, 0.8, 0.5, 1e-07):2.148489064088303e-14
(10, 0.2, 0.8, 0.5, 0.0001):-6.394279032178769e-11
(10, 0.2, 0.8, 0.5, 1e-06):1.5188278613367346e-14
(10, 0.2, 0.8, 0.5, 1e-05):-6.179002803303836e-13
(10, 0.2, 0.8, 0.3, 1e-07):2.37466482027335e-14
(10, 0.2, 0.8, 0.3, 0.0001):-6.355833812823587e-11
(10, 0.2, 0.8, 0.3, 1e-06):1.7395362522967864e-14
(10, 0.2, 0.8, 0.3, 1e-05):-6.12243353752365e-13
(10, 0.2, 0.8, 0.8, 1e-07):1.7533451787703248e-14
(10, 0.2, 0.8, 0.8, 0.0001):-5.799168824470282e-11
(10, 0.2, 0.8, 0.8, 1e-06):1.1700340272668032e-14
(10, 0.2, 0.8, 0.8, 1e-05):-5.624974984010096e-13
(100, 0.3, 0.1, 0.5, 1e-05):-2.044828160579375e-15
(100, 0.3, 0.1, 0.3, 1e-05):-2.052728892258872e-15
(100, 0.3, 0.1, 0.8, 1e-05):-2.0330658706645984e-15
(100, 0.3, 0.5, 0.5, 1e-05):-1.0392654459649133e-14
(100, 0.3, 0.5, 0.3, 1e-05):-1.0271097855441198e-14
(100, 0.3, 0.5, 0.8, 1e-05):-1.0530587407976708e-14
(100, 0.3, 0.2, 0.5, 1e-05):-4.125851019389794e-15
(100, 0.3, 0.2, 0.3, 1e-05):-4.127117025582239e-15
(100, 0.3, 0.2, 0.8, 1e-05):-4.120309780686511e-15
(100, 0.3, 0.8, 0.5, 1e-05):-2.0101464548737724e-16
(100, 0.3, 0.8, 0.3, 1e-05):-1.9759493601777125e-16
(100, 0.3, 0.8, 0.8, 1e-05):-1.6089284730809163e-16
(100, 0.4, 0.1, 0.5, 1e-05):-2.1917207857307154e-15
(100, 0.4, 0.1, 0.3, 1e-05):-2.199126314980669e-15
(100, 0.4, 0.1, 0.8, 1e-05):-2.1765623679467686e-15
(100, 0.4, 0.5, 0.5, 1e-05):-5.955900526506145e-15
(100, 0.4, 0.5, 0.3, 1e-05):-5.940480714292205e-15
(100, 0.4, 0.5, 0.8, 1e-05):-6.0391362318170035e-15
(100, 0.4, 0.2, 0.5, 1e-05):-3.710426571167619e-15
(100, 0.4, 0.2, 0.3, 1e-05):-3.725375128442234e-15
(100, 0.4, 0.2, 0.8, 1e-05):-3.678157749562806e-15
(100, 0.4, 0.8, 0.5, 1e-05):-2.5858338470799443e-15
(100, 0.4, 0.8, 0.3, 1e-05):-2.626889266444438e-15
(100, 0.4, 0.8, 0.8, 1e-05):-2.55341880471941e-15
(100, 0.1, 0.1, 0.5, 1e-05):-4.113640509333525e-15
(100, 0.1, 0.1, 0.3, 1e-05):-4.106184373062561e-15
(100, 0.1, 0.1, 0.8, 1e-05):-4.1250943476159836e-15
(100, 0.1, 0.5, 0.5, 1e-05):-8.166792062338086e-15
(100, 0.1, 0.5, 0.3, 1e-05):-8.133276980263237e-15
(100, 0.1, 0.5, 0.8, 1e-05):-8.15674937091087e-15
(100, 0.1, 0.2, 0.5, 1e-05):-6.302447534820704e-15
(100, 0.1, 0.8, 0.5, 1e-05):4.206957156970402e-15
(100, 0.2, 0.1, 0.5, 1e-07):-1.6501330584343078e-15
(100, 0.2, 0.1, 0.5, 0.0001):-7.143191588954511e-14
(100, 0.2, 0.1, 0.5, 1e-06):-1.6541803443566308e-15
(100, 0.2, 0.1, 0.5, 1e-05):-2.3439890502095382e-15
(100, 0.2, 0.1, 0.3, 1e-07):-1.6428417982254082e-15
(100, 0.2, 0.1, 0.3, 0.0001):-7.162774350497141e-14
(100, 0.2, 0.1, 0.3, 1e-06):-1.6486965111060185e-15
(100, 0.2, 0.1, 0.3, 1e-05):-2.33815299983953e-15
(100, 0.2, 0.1, 0.8, 1e-07):-1.651072174349807e-15
(100, 0.2, 0.1, 0.8, 0.0001):-7.11437604431468e-14
(100, 0.2, 0.1, 0.8, 1e-06):-1.6568344677822674e-15
(100, 0.2, 0.1, 0.8, 1e-05):-2.3472739785877923e-15
(100, 0.2, 0.5, 0.5, 1e-07):-9.734882569742361e-15
(100, 0.2, 0.5, 0.5, 0.0001):-5.980934305837343e-14
(100, 0.2, 0.5, 0.5, 1e-06):-9.761907568462076e-15
(100, 0.2, 0.5, 0.5, 1e-05):-1.0238186189938618e-14
(100, 0.2, 0.5, 0.3, 1e-07):-9.736443260407945e-15
(100, 0.2, 0.5, 0.3, 0.0001):-5.993599842593776e-14
(100, 0.2, 0.5, 0.3, 1e-06):-9.75488669772365e-15
(100, 0.2, 0.5, 0.3, 1e-05):-1.0264202430139266e-14
(100, 0.2, 0.5, 0.8, 1e-07):-9.751684450469173e-15
(100, 0.2, 0.5, 0.8, 0.0001):-5.967395630638605e-14
(100, 0.2, 0.5, 0.8, 1e-06):-9.761170328621538e-15
(100, 0.2, 0.5, 0.8, 1e-05):-1.0260675933592069e-14
(100, 0.2, 0.2, 0.5, 1e-07):-4.178938333193041e-15
(100, 0.2, 0.2, 0.5, 0.0001):-7.141779005190572e-14
(100, 0.2, 0.2, 0.5, 1e-06):-4.190957418155015e-15
(100, 0.2, 0.2, 0.5, 1e-05):-4.855945674658448e-15
(100, 0.2, 0.2, 0.3, 1e-07):-4.181241361436187e-15
(100, 0.2, 0.2, 0.3, 0.0001):-7.158860496050596e-14
(100, 0.2, 0.2, 0.8, 1e-07):-4.189455145109622e-15
(100, 0.2, 0.2, 0.8, 0.0001):-7.114345282177107e-14
(100, 0.2, 0.8, 0.5, 1e-07):2.3718881165916755e-15
(100, 0.2, 0.8, 0.5, 0.0001):-1.9631883460602575e-14
(100, 0.2, 0.8, 0.5, 1e-06):2.364728910274769e-15
(100, 0.2, 0.8, 0.5, 1e-05):2.152578122069099e-15
(100, 0.2, 0.8, 0.3, 1e-07):2.3968185417539187e-15
(100, 0.2, 0.8, 0.3, 0.0001):-1.9614763677292697e-14
(100, 0.2, 0.8, 0.8, 1e-07):2.3972293422494237e-15
(100, 0.2, 0.8, 0.8, 0.0001):-1.9610137703330594e-14
(500, 0.3, 0.1, 0.5, 1e-07):-3.784533459572269e-16
(500, 0.3, 0.1, 0.5, 0.0001):-7.138948794984628e-16
(500, 0.3, 0.1, 0.5, 1e-06):-3.7828079233304726e-16
(500, 0.3, 0.1, 0.5, 1e-05):-3.815773849992574e-16
(500, 0.3, 0.1, 0.3, 1e-07):-3.787055968145836e-16
(500, 0.3, 0.1, 0.3, 0.0001):-7.140802419148644e-16
(500, 0.3, 0.1, 0.3, 1e-06):-3.7834341104604645e-16
(500, 0.3, 0.1, 0.3, 1e-05):-3.816865282488176e-16
(500, 0.3, 0.1, 0.8, 1e-07):-3.806455866770823e-16
(500, 0.3, 0.1, 0.8, 0.0001):-7.139884033824227e-16
(500, 0.3, 0.1, 0.8, 1e-06):-3.8006400984246815e-16
(500, 0.3, 0.1, 0.8, 1e-05):-3.8291947635265646e-16
(500, 0.3, 0.5, 0.5, 1e-07):-2.612692425540741e-15
(500, 0.3, 0.5, 0.5, 0.0001):-2.8409537984120714e-15
(500, 0.3, 0.5, 0.5, 1e-06):-2.6120413542536247e-15
(500, 0.3, 0.5, 0.5, 1e-05):-2.6025532310020698e-15
(500, 0.3, 0.5, 0.3, 1e-07):-2.60981270019474e-15
(500, 0.3, 0.5, 0.3, 0.0001):-2.850478287624228e-15
(500, 0.3, 0.5, 0.3, 1e-06):-2.611304920906424e-15
(500, 0.3, 0.5, 0.3, 1e-05):-2.6125761070351174e-15
(500, 0.3, 0.5, 0.8, 1e-07):-2.59590500399953e-15
(500, 0.3, 0.5, 0.8, 0.0001):-2.836017328456481e-15
(500, 0.3, 0.5, 0.8, 1e-06):-2.5980709807803758e-15
(500, 0.3, 0.5, 0.8, 1e-05):-2.5985974709448094e-15
(500, 0.3, 0.2, 0.5, 1e-07):-1.4371956943594532e-15
(500, 0.3, 0.2, 0.5, 0.0001):-1.7597777768362767e-15
(500, 0.3, 0.2, 0.5, 1e-06):-1.437457168560322e-15
(500, 0.3, 0.2, 0.5, 1e-05):-1.4418738927477451e-15
(500, 0.3, 0.2, 0.3, 1e-07):-1.4418433484429043e-15
(500, 0.3, 0.2, 0.3, 0.0001):-1.7653134275198013e-15
(500, 0.3, 0.2, 0.3, 1e-06):-1.441856340063056e-15
(500, 0.3, 0.2, 0.3, 1e-05):-1.4448699227682267e-15
(500, 0.3, 0.2, 0.8, 1e-07):-1.4318207719982394e-15
(500, 0.3, 0.2, 0.8, 0.0001):-1.754075012871572e-15
(500, 0.3, 0.2, 0.8, 1e-06):-1.4314345232202168e-15
(500, 0.3, 0.2, 0.8, 1e-05):-1.4353389980711556e-15
(500, 0.3, 0.8, 0.5, 1e-07):2.3336623246554463e-17
(500, 0.3, 0.8, 0.5, 0.0001):-8.165864643814746e-17
(500, 0.3, 0.8, 0.5, 1e-06):2.338764616061164e-17
(500, 0.3, 0.8, 0.5, 1e-05):2.317578153741062e-17
(500, 0.3, 0.8, 0.3, 1e-07):4.47223186513149e-19
(500, 0.3, 0.8, 0.3, 0.0001):-1.0479539522674559e-16
(500, 0.3, 0.8, 0.3, 1e-06):9.336764842738583e-19
(500, 0.3, 0.8, 0.3, 1e-05):-7.414494995693448e-19
(500, 0.3, 0.8, 0.8, 1e-07):2.212332130582891e-18
(500, 0.3, 0.8, 0.8, 0.0001):-1.0420707465424365e-16
(500, 0.3, 0.8, 0.8, 1e-06):1.0630177599681982e-18
(500, 0.3, 0.8, 0.8, 1e-05):-8.315868121475318e-19
(500, 0.4, 0.1, 0.5, 1e-07):-2.638829477990313e-16
(500, 0.4, 0.1, 0.5, 0.0001):-7.360668407236465e-16
(500, 0.4, 0.1, 0.5, 1e-06):-2.6412990386341506e-16
(500, 0.4, 0.1, 0.5, 1e-05):-2.6945757839587145e-16
(500, 0.4, 0.1, 0.3, 1e-07):-2.645740353856583e-16
(500, 0.4, 0.1, 0.3, 0.0001):-7.37464823814724e-16
(500, 0.4, 0.1, 0.3, 1e-06):-2.6401434230030596e-16
(500, 0.4, 0.1, 0.3, 1e-05):-2.6979429350559956e-16
(500, 0.4, 0.1, 0.8, 1e-07):-2.6731968408696443e-16
(500, 0.4, 0.1, 0.8, 0.0001):-7.387942232112413e-16
(500, 0.4, 0.1, 0.8, 1e-06):-2.678439763133369e-16
(500, 0.4, 0.1, 0.8, 1e-05):-2.726294404056206e-16
(10, 0.3, 0.1, 0.2, 1e-05):-2.0326002101129403e-12
(10, 0.3, 0.5, 0.2, 1e-05):-1.510110612430323e-12
(10, 0.3, 0.2, 0.2, 1e-05):-1.9698390718614836e-12
(10, 0.3, 0.8, 0.2, 1e-05):-6.592948305514413e-13
(10, 0.3, 0.8, 0.1, 1e-05):-6.497001486424717e-13
(10, 0.4, 0.1, 0.2, 1e-05):-2.298931322517607e-12
(10, 0.4, 0.1, 0.1, 1e-05):-2.410404161051842e-12
(10, 0.4, 0.5, 0.2, 1e-05):-1.7051252831330491e-12
(10, 0.4, 0.5, 0.1, 1e-05):-1.7553703172799555e-12
(10, 0.4, 0.2, 0.2, 1e-05):-2.2277539417897137e-12
(10, 0.4, 0.2, 0.1, 1e-05):-2.3284743615149347e-12
(10, 0.4, 0.8, 0.2, 1e-05):-7.302874373095442e-13
(10, 0.4, 0.8, 0.1, 1e-05):-7.466771579936473e-13
(10, 0.1, 0.1, 0.2, 1e-07):-1.1960730698046149e-14
(10, 0.1, 0.1, 0.2, 0.0001):-1.7521546090368074e-10
(10, 0.1, 0.1, 0.2, 1e-06):-2.9312718582990486e-14
(10, 0.1, 0.1, 0.2, 1e-05):-1.7638477495646256e-12
(10, 0.1, 0.1, 0.1, 1e-07):-1.1836142021827816e-14
(10, 0.1, 0.1, 0.1, 0.0001):-1.782793878399932e-10
(10, 0.1, 0.1, 0.1, 1e-06):-2.940186263027036e-14
(10, 0.1, 0.1, 0.1, 1e-05):-1.794244484365491e-12
(10, 0.1, 0.5, 0.2, 1e-07):-1.925177092037429e-14
(10, 0.1, 0.5, 0.2, 0.0001):-1.2784115987041344e-10
(10, 0.1, 0.5, 0.2, 1e-06):-3.187406946419973e-14
(10, 0.1, 0.5, 0.2, 1e-05):-1.2973745576105521e-12
(10, 0.1, 0.5, 0.1, 1e-07):-1.921605550599346e-14
(10, 0.1, 0.5, 0.1, 0.0001):-1.2897343652145842e-10
(10, 0.1, 0.5, 0.1, 1e-06):-3.20687906980316e-14
(10, 0.1, 0.5, 0.1, 1e-05):-1.3086824827918789e-12
(10, 0.1, 0.2, 0.2, 1e-07):-1.8506512425865356e-14
(10, 0.1, 0.2, 0.2, 0.0001):-1.6909994336100216e-10
(10, 0.1, 0.2, 0.2, 1e-06):-3.516035537935166e-14
(10, 0.1, 0.2, 0.2, 1e-05):-1.7091108609060683e-12
(10, 0.1, 0.2, 0.1, 1e-07):-1.8130278108372292e-14
(10, 0.1, 0.2, 0.1, 0.0001):-1.719814546546337e-10
(10, 0.1, 0.2, 0.1, 1e-06):-3.519027544189379e-14
(10, 0.1, 0.2, 0.1, 1e-05):-1.7375362036403735e-12
(10, 0.1, 0.8, 0.2, 1e-07):2.535766405216314e-14
(10, 0.1, 0.8, 0.2, 0.0001):-5.821206795824649e-11
(10, 0.1, 0.8, 0.2, 1e-06):1.956683040297553e-14
(10, 0.1, 0.8, 0.2, 1e-05):-5.5700387269768e-13
(10, 0.1, 0.8, 0.1, 1e-07):2.6803263244505894e-14
(10, 0.1, 0.8, 0.1, 0.0001):-5.7475694282430455e-11
(10, 0.1, 0.8, 0.1, 1e-06):2.107390624191096e-14
(10, 0.1, 0.8, 0.1, 1e-05):-5.48256332924356e-13
(10, 0.2, 0.1, 0.2, 1e-07):-1.1453041260116738e-14
(10, 0.2, 0.1, 0.2, 0.0001):-1.8448009103993155e-10
(10, 0.2, 0.1, 0.2, 1e-06):-2.964528457240967e-14
(10, 0.2, 0.1, 0.2, 1e-05):-1.855957733165098e-12
(10, 0.2, 0.1, 0.1, 1e-07):-1.0499206249783818e-14
(10, 0.2, 0.1, 0.1, 0.0001):-1.8910519221181627e-10
(10, 0.2, 0.1, 0.1, 1e-06):-2.9287266939516545e-14
(10, 0.2, 0.1, 0.1, 1e-05):-1.901325860460861e-12
(10, 0.2, 0.5, 0.2, 1e-07):-1.9211635510819275e-14
(10, 0.2, 0.5, 0.2, 0.0001):-1.3539776570997754e-10
(10, 0.2, 0.5, 0.2, 1e-06):-3.252206469250331e-14
(10, 0.2, 0.5, 0.2, 1e-05):-1.3728127291745276e-12
(10, 0.2, 0.5, 0.1, 1e-07):-1.8956709450153708e-14
(10, 0.2, 0.5, 0.1, 0.0001):-1.3705097433476254e-10
(10, 0.2, 0.5, 0.1, 1e-06):-3.2565649119640085e-14
(10, 0.2, 0.5, 0.1, 1e-05):-1.3891896623157773e-12
(10, 0.2, 0.2, 0.2, 1e-07):-1.6789889499667825e-14
(10, 0.2, 0.2, 0.2, 0.0001):-1.7824135691997423e-10
(10, 0.2, 0.2, 0.2, 1e-06):-3.442741453316584e-14
(10, 0.2, 0.2, 0.2, 1e-05):-1.7988065642014117e-12
(10, 0.2, 0.2, 0.1, 1e-07):-1.5606707721507335e-14
(10, 0.2, 0.2, 0.1, 0.0001):-1.8239305847247067e-10
(10, 0.2, 0.2, 0.1, 1e-06):-3.366655288870151e-14
(10, 0.2, 0.2, 0.1, 1e-05):-1.839227777088103e-12
(10, 0.2, 0.8, 0.2, 1e-07):2.485945098943313e-14
(10, 0.2, 0.8, 0.2, 0.0001):-6.242499760632979e-11
(10, 0.2, 0.8, 0.2, 1e-06):1.8643101379904927e-14
(10, 0.2, 0.8, 0.2, 1e-05):-5.995906536841269e-13
(10, 0.2, 0.8, 0.1, 1e-07):2.6026131525802416e-14
(10, 0.2, 0.8, 0.1, 0.0001):-6.130709299181352e-11
(10, 0.2, 0.8, 0.1, 1e-06):1.9841320683229347e-14
(10, 0.2, 0.8, 0.1, 1e-05):-5.873753083885947e-13
(50, 0.3, 0.1, 0.2, 1e-05):-1.1657381929629436e-14
(50, 0.3, 0.1, 0.5, 1e-05):-1.1509310643895711e-14
(50, 0.3, 0.1, 0.1, 1e-05):-1.1712354684802355e-14
(50, 0.3, 0.1, 0.3, 1e-05):-1.1618645941869666e-14
(50, 0.3, 0.1, 0.8, 1e-05):-1.1366870110790628e-14
(50, 0.3, 0.5, 0.2, 1e-05):-1.9460248546750743e-14
(50, 0.3, 0.5, 0.5, 1e-05):-1.9836960860244975e-14
(50, 0.3, 0.5, 0.1, 1e-05):-1.9318409066843005e-14
(50, 0.3, 0.5, 0.3, 1e-05):-1.953969893271076e-14
(50, 0.3, 0.5, 0.8, 1e-05):-2.035548403612013e-14
(50, 0.3, 0.2, 0.2, 1e-05):-1.3591364148066673e-14
(50, 0.3, 0.2, 0.5, 1e-05):-1.3575573951705392e-14
(50, 0.3, 0.2, 0.1, 1e-05):-1.3588561207985321e-14
(50, 0.3, 0.2, 0.3, 1e-05):-1.357719426914983e-14
(50, 0.3, 0.2, 0.8, 1e-05):-1.3566957677101997e-14
(50, 0.3, 0.8, 0.2, 1e-05):-1.2202422423977148e-15
(50, 0.3, 0.8, 0.5, 1e-05):-1.3053762584306594e-15
(50, 0.3, 0.8, 0.1, 1e-05):-1.2125927212692255e-15
(50, 0.3, 0.8, 0.3, 1e-05):-1.2588255770358098e-15
(50, 0.3, 0.8, 0.8, 1e-05):-1.3828086305073012e-15
(50, 0.4, 0.1, 0.2, 1e-05):-1.520451205598408e-14
(50, 0.4, 0.1, 0.5, 1e-05):-1.4826364572573632e-14
(50, 0.4, 0.1, 0.1, 1e-05):-1.532260786755672e-14
(50, 0.4, 0.1, 0.3, 1e-05):-1.5072672351703494e-14
(50, 0.4, 0.1, 0.8, 1e-05):-1.4489477754329298e-14
(50, 0.4, 0.5, 0.2, 1e-05):-1.6302331615727527e-14
(50, 0.4, 0.5, 0.5, 1e-05):-1.673355208545063e-14
(50, 0.4, 0.5, 0.1, 1e-05):-1.6145473911761452e-14
(50, 0.4, 0.5, 0.3, 1e-05):-1.6472495024070737e-14
(50, 0.4, 0.5, 0.8, 1e-05):-1.7125626475058992e-14
(50, 0.4, 0.2, 0.2, 1e-05):-1.6394580961577658e-14
(50, 0.4, 0.2, 0.5, 1e-05):-1.6189031403070896e-14
(50, 0.4, 0.2, 0.1, 1e-05):-1.649033336123168e-14
(50, 0.4, 0.2, 0.3, 1e-05):-1.632694393374853e-14
(50, 0.4, 0.2, 0.8, 1e-05):-1.5964751407392316e-14
(50, 0.4, 0.8, 0.2, 1e-05):-5.447553602898409e-15
(50, 0.4, 0.8, 0.5, 1e-05):-5.486072352764002e-15
(50, 0.4, 0.8, 0.1, 1e-05):-5.4431163710282185e-15
(50, 0.4, 0.8, 0.3, 1e-05):-5.456606665204789e-15
(50, 0.4, 0.8, 0.8, 1e-05):-5.5569471608955096e-15
(50, 0.1, 0.1, 0.2, 1e-05):-1.1187505576067663e-14
(50, 0.1, 0.1, 0.5, 1e-05):-1.1144983619669225e-14
(50, 0.1, 0.1, 0.1, 1e-05):-1.1195735400159298e-14
(50, 0.1, 0.1, 0.3, 1e-05):-1.116647670670281e-14
(50, 0.1, 0.1, 0.8, 1e-05):-1.112073795017247e-14
(50, 0.1, 0.5, 0.2, 1e-05):-1.471615190174206e-14
(50, 0.1, 0.5, 0.5, 1e-05):-1.48234111251679e-14
(50, 0.1, 0.5, 0.1, 1e-05):-1.469492546718997e-14
(50, 0.1, 0.5, 0.3, 1e-05):-1.4742629275461054e-14
(50, 0.1, 0.5, 0.8, 1e-05):-1.4902166601812556e-14
(50, 0.1, 0.2, 0.2, 1e-05):-1.466802004251912e-14
(50, 0.1, 0.2, 0.5, 1e-05):-1.4598678029511852e-14
(50, 0.1, 0.2, 0.1, 1e-05):-1.4691387485719268e-14
(50, 0.1, 0.2, 0.3, 1e-05):-1.4640504898756303e-14
(50, 0.1, 0.2, 0.8, 1e-05):-1.4536502571720055e-14
(50, 0.1, 0.8, 0.2, 1e-05):5.181873328196602e-15
(50, 0.1, 0.8, 0.5, 1e-05):5.083647258353571e-15
(50, 0.1, 0.8, 0.1, 1e-05):5.264693266978577e-15
(50, 0.1, 0.8, 0.3, 1e-05):5.1639897636800335e-15
(50, 0.1, 0.8, 0.8, 1e-05):4.977126261895375e-15
(50, 0.2, 0.1, 0.2, 1e-07):-2.2948215762323027e-15
(50, 0.2, 0.1, 0.2, 0.0001):-7.633728528374754e-13
(50, 0.2, 0.1, 0.2, 1e-06):-2.370958045689204e-15
(50, 0.2, 0.1, 0.2, 1e-05):-9.91475972656977e-15
(50, 0.2, 0.1, 0.5, 1e-07):-2.336071376007807e-15
(50, 0.2, 0.1, 0.5, 0.0001):-7.560586584172798e-13
(50, 0.2, 0.1, 0.5, 1e-06):-2.4122983201517103e-15
(50, 0.2, 0.1, 0.5, 1e-05):-9.871811396636544e-15
(50, 0.2, 0.1, 0.1, 1e-07):-2.2895380199675045e-15
(50, 0.2, 0.1, 0.1, 0.0001):-7.658724522528038e-13
(50, 0.2, 0.1, 0.1, 1e-06):-2.368644812083568e-15
(50, 0.2, 0.1, 0.1, 1e-05):-9.923560462889047e-15
(50, 0.2, 0.1, 0.3, 1e-07):-2.3199354837829273e-15
(50, 0.2, 0.1, 0.3, 0.0001):-7.609530791990959e-13
(50, 0.2, 0.1, 0.3, 1e-06):-2.391321561565347e-15
(50, 0.2, 0.1, 0.3, 1e-05):-9.90057174836369e-15
(50, 0.2, 0.1, 0.8, 1e-07):-2.376896253387672e-15
(50, 0.2, 0.1, 0.8, 0.0001):-7.490518838855848e-13
(50, 0.2, 0.1, 0.8, 1e-06):-2.452326407709387e-15
(50, 0.2, 0.1, 0.8, 1e-05):-9.8493944657568e-15
(50, 0.2, 0.5, 0.2, 1e-07):-1.1866833265355843e-14
(50, 0.2, 0.5, 0.2, 0.0001):-5.584546734820413e-13
(50, 0.2, 0.5, 0.2, 1e-06):-1.1932880600681975e-14
(50, 0.2, 0.5, 0.2, 1e-05):-1.7352814657778682e-14
(50, 0.2, 0.5, 0.5, 1e-07):-1.210039722791339e-14
(50, 0.2, 0.5, 0.5, 0.0001):-5.548931497775508e-13
(50, 0.2, 0.5, 0.5, 1e-06):-1.2158215032818333e-14
(50, 0.2, 0.5, 0.5, 1e-05):-1.7545970581651876e-14
(50, 0.2, 0.5, 0.1, 1e-07):-1.1802443561165294e-14
(50, 0.2, 0.5, 0.1, 0.0001):-5.596660218198535e-13
(50, 0.2, 0.5, 0.1, 1e-06):-1.1857880715273915e-14
(50, 0.2, 0.5, 0.1, 1e-05):-1.7296968592870268e-14
(50, 0.2, 0.5, 0.3, 1e-07):-1.1997366058662851e-14
(50, 0.2, 0.5, 0.3, 0.0001):-5.572184664208435e-13
(50, 0.2, 0.5, 0.3, 1e-06):-1.2031129641121895e-14
(50, 0.2, 0.5, 0.3, 1e-05):-1.74320694070014e-14
(50, 0.2, 0.5, 0.8, 1e-07):-1.22616913588568e-14
(50, 0.2, 0.5, 0.8, 0.0001):-5.516175837049508e-13
(50, 0.2, 0.5, 0.8, 1e-06):-1.2314329966116343e-14
(50, 0.2, 0.5, 0.8, 1e-05):-1.765716001869622e-14
(50, 0.2, 0.2, 0.2, 1e-07):-5.369332345987443e-15
(50, 0.2, 0.2, 0.2, 0.0001):-7.385862784474176e-13
(50, 0.2, 0.2, 0.2, 1e-06):-5.455048136133298e-15
(50, 0.2, 0.2, 0.2, 1e-05):-1.27007655519362e-14
(50, 0.2, 0.2, 0.5, 1e-07):-5.3902923049083184e-15
(50, 0.2, 0.2, 0.5, 0.0001):-7.318234796505805e-13
(50, 0.2, 0.2, 0.5, 1e-06):-5.466804200937632e-15
(50, 0.2, 0.2, 0.5, 1e-05):-1.2664230903434781e-14
(50, 0.2, 0.2, 0.1, 1e-07):-5.389334567662853e-15
(50, 0.2, 0.2, 0.1, 0.0001):-7.409293457865473e-13
(50, 0.2, 0.2, 0.1, 1e-06):-5.456847525146519e-15
(50, 0.2, 0.2, 0.1, 1e-05):-1.273885182413904e-14
(50, 0.2, 0.2, 0.3, 1e-07):-5.3976007236301035e-15
(50, 0.2, 0.2, 0.3, 0.0001):-7.362440296267054e-13
(50, 0.2, 0.2, 0.3, 1e-06):-5.460368280302639e-15
(50, 0.2, 0.2, 0.3, 1e-05):-1.2692591693556745e-14
(50, 0.2, 0.2, 0.8, 1e-07):-5.394176097543675e-15
(50, 0.2, 0.2, 0.8, 0.0001):-7.252580297671806e-13
(50, 0.2, 0.2, 0.8, 1e-06):-5.477121651259068e-15
(50, 0.2, 0.2, 0.8, 1e-05):-1.2605402838777353e-14
(50, 0.2, 0.8, 0.2, 1e-07):4.758396802799039e-15
(50, 0.2, 0.8, 0.2, 0.0001):-2.3553502760263234e-13
(50, 0.2, 0.8, 0.2, 1e-06):4.7322513899201184e-15
(50, 0.2, 0.8, 0.2, 1e-05):2.3769039026142895e-15
(50, 0.2, 0.8, 0.5, 1e-07):4.6783785686887755e-15
(50, 0.2, 0.8, 0.5, 0.0001):-2.3576540809300797e-13
(50, 0.2, 0.8, 0.5, 1e-06):4.662382325818457e-15
(50, 0.2, 0.8, 0.5, 1e-05):2.2783031980669865e-15
(50, 0.2, 0.8, 0.1, 1e-07):4.804997022191884e-15
(50, 0.2, 0.8, 0.1, 0.0001):-2.354257179880448e-13
(50, 0.2, 0.8, 0.1, 1e-06):4.774614223917932e-15
(50, 0.2, 0.8, 0.1, 1e-05):2.4096550936627434e-15
(50, 0.2, 0.8, 0.3, 1e-07):4.7564125002717806e-15
(50, 0.2, 0.8, 0.3, 0.0001):-2.3558870427332967e-13
(50, 0.2, 0.8, 0.3, 1e-06):4.7218962043194595e-15
(50, 0.2, 0.8, 0.3, 1e-05):2.3554370566993496e-15
(50, 0.2, 0.8, 0.8, 1e-07):4.583649999435124e-15
(50, 0.2, 0.8, 0.8, 0.0001):-2.3603840976533934e-13
(50, 0.2, 0.8, 0.8, 1e-06):4.526643235876794e-15
(50, 0.2, 0.8, 0.8, 1e-05):2.164327562702311e-15
(500, 0.3, 0.1, 0.2, 1e-07):-3.7801339652617087e-16
(500, 0.3, 0.1, 0.2, 0.0001):-7.132140132867975e-16
(500, 0.3, 0.1, 0.2, 1e-06):-3.7759046819781487e-16
(500, 0.3, 0.1, 0.2, 1e-05):-3.8179576390008896e-16
(500, 0.3, 0.1, 0.1, 1e-07):-3.7771408481535003e-16
(500, 0.3, 0.1, 0.1, 0.0001):-7.130448821574487e-16
(500, 0.3, 0.1, 0.1, 1e-06):-3.7904983260309224e-16
(500, 0.3, 0.1, 0.1, 1e-05):-3.8159058006562233e-16
(500, 0.3, 0.5, 0.2, 1e-07):-2.5905322131575604e-15
(500, 0.3, 0.5, 0.2, 0.0001):-2.83116008846541e-15
(500, 0.3, 0.5, 0.2, 1e-06):-2.5912350428964807e-15
(500, 0.3, 0.5, 0.2, 1e-05):-2.5931672772298175e-15
(500, 0.3, 0.5, 0.1, 1e-07):-2.5874780726783022e-15
(500, 0.3, 0.5, 0.1, 0.0001):-2.8292006683793442e-15
(500, 0.3, 0.5, 0.1, 1e-06):-2.5874964574803426e-15
(500, 0.3, 0.5, 0.1, 1e-05):-2.5898967998551895e-15
(500, 0.3, 0.2, 0.2, 1e-07):-1.4432812144331652e-15
(500, 0.3, 0.2, 0.2, 0.0001):-1.7658191116049268e-15
(500, 0.3, 0.2, 0.2, 1e-06):-1.4435027056262043e-15
(500, 0.3, 0.2, 0.2, 1e-05):-1.446426966476028e-15
(500, 0.3, 0.2, 0.1, 1e-07):-1.4450507696665755e-15
(500, 0.3, 0.2, 0.1, 0.0001):-1.7671848020904348e-15
(500, 0.3, 0.2, 0.1, 1e-06):-1.4451920311464618e-15
(500, 0.3, 0.2, 0.1, 1e-05):-1.4483314322269182e-15
(500, 0.3, 0.8, 0.2, 1e-07):1.8779456105404532e-17
(500, 0.3, 0.8, 0.2, 0.0001):-8.569069491135146e-17
(500, 0.3, 0.8, 0.2, 1e-06):1.9309077729798044e-17
(500, 0.3, 0.8, 0.2, 1e-05):1.7645701737780528e-17
(500, 0.3, 0.8, 0.1, 1e-07):1.2087338300795677e-17
(500, 0.3, 0.8, 0.1, 0.0001):-9.3496161226136e-17
(500, 0.3, 0.8, 0.1, 1e-06):1.1687046376568343e-17
(500, 0.3, 0.8, 0.1, 1e-05):1.1757680622885798e-17
(500, 0.4, 0.1, 0.2, 1e-07):-2.618643666006742e-16
(500, 0.4, 0.1, 0.2, 0.0001):-7.371472838093175e-16
(500, 0.4, 0.1, 0.2, 1e-06):-2.6377006152532546e-16
(500, 0.4, 0.1, 0.2, 1e-05):-2.6828294868920703e-16
(500, 0.4, 0.1, 0.1, 1e-07):-2.6391433332310974e-16
(500, 0.4, 0.1, 0.1, 0.0001):-7.358492669275032e-16
(500, 0.4, 0.1, 0.1, 1e-06):-2.6355294762556016e-16
(500, 0.4, 0.1, 0.1, 1e-05):-2.680438603193853e-16
(500, 0.4, 0.5, 0.2, 1e-07):-9.500411234408483e-16
(500, 0.4, 0.5, 0.2, 0.0001):-1.287343338289858e-15
(500, 0.4, 0.5, 0.2, 1e-06):-9.484253730852557e-16
(500, 0.4, 0.5, 0.2, 1e-05):-9.532426645615501e-16
(500, 0.4, 0.5, 0.5, 1e-07):-9.38708036350309e-16
(500, 0.4, 0.5, 0.5, 0.0001):-1.2762744658418242e-15
(500, 0.4, 0.5, 0.5, 1e-06):-9.384761613058799e-16
(500, 0.4, 0.5, 0.5, 1e-05):-9.414281169974056e-16
(500, 0.4, 0.5, 0.1, 1e-07):-9.389676399134014e-16
(500, 0.4, 0.5, 0.1, 0.0001):-1.2775395847987653e-15
(500, 0.4, 0.5, 0.1, 1e-06):-9.420884195311062e-16
(500, 0.4, 0.5, 0.1, 1e-05):-9.466432485040495e-16
(500, 0.4, 0.5, 0.3, 1e-07):-9.3484747471112e-16
(500, 0.4, 0.5, 0.3, 0.0001):-1.27321205450038e-15
(500, 0.4, 0.5, 0.3, 1e-06):-9.355515816092647e-16
